[3, 4]
[2, 2]
[7, 4]
[2, 1]
[9, 3]
[27, 21]
[4, 1]
[26, 29]
[1, 6]
[9, 19]
[3, 2]
[13, 1]
[22, 8]
[16, 1]
[18, 13]
[9, 25]
[9, 9]
[26, 12]
[8, 0]
[15, 13]
[5, 1]
[12, 13]
[8, 14]
[-1]
[4, 2]
[1, 22]
[0, 5]
[5, 15]
[25, 13]
[16, 26]
[15, 21]
[21, 26]
[3, 3]
[4, 0]
[1, 2]
[1, 0]
[6, 14]
[2, 13]
[8, 16]
[33, 34]
[39, 37]
[-1]
[7, 0]
[27, 26]
[8, 29]
[11, 23]
[18, 25]
[8, 1]
[48, 28]
[20, 34]
[9, 9]
[0, 9]
[11, 29]
[22, 24]
[7, 3]
[44, 45]
[15, 35]
[36, 43]
[27, 16]
[10, 18]
[1, 2]
[13, 3]
[9, 15]
[17, 32]
[16, 6]
[16, 3]
[19, 14]
[10, 9]
[24, 7]
[6, 1]
[9, 18]
[5, 3]
[-1]
[4, 5]
[2, 5]
[9, 16]
[4, 16]
[5, 7]
[6, 7]
[11, 8]
[11, 8]
[9, 1]
[6, 25]
[5, 8]
[39, 17]
[3, 11]
[-1]
[6, 12]
[4, 0]
[25, 15]
[3, 10]
[6, 21]
[4, 5]
[13, 19]
[6, 11]
[13, 19]
[7, 15]
[26, 12]
[17, 4]
[4, 13]
[7, 8]
[9, 11]
[10, 8]
[7, 2]
[10, 18]
[5, 10]
[21, 5]
[22, 1]
[8, 7]
[19, 1]
[19, 2]
[10, 4]
[3, 7]
[17, 12]
[20, 15]
[12, 12]
[23, 23]
[13, 30]
[6, 20]
[27, 19]
[20, 17]
[18, 11]
[10, 30]
[18, 8]
[23, 12]
[1, 14]
[9, 12]
[7, 0]
[-1]
[19, 28]
[10, 22]
[12, 1]
[23, 4]
[18, 26]
[15, 14]
[17, 13]
[10, 8]
[14, 3]
[16, 7]
[22, 24]
[22, 7]
[47, 47]
[-1]
[-1]
[1, 7]
[6, 6]
[4, 16]
[8, 27]
[13, 16]
[4, 19]
[17, 28]
[-1]
[4, 6]
[34, 5]
[25, 13]
[5, 7]
[8, 11]
[3, 13]
[19, 18]
[1, 7]
[14, 19]
[6, 15]
[13, 25]
[11, 7]
[5, 23]
[12, 19]
[14, 14]
[19, 7]
[11, 15]
[7, 19]
[0, 19]
[10, 22]
[21, 25]
[17, 8]
[3, 5]
[11, 17]
[26, 10]
[7, 4]
[0, 14]
[8, 24]
[21, 3]
[33, 9]
[17, 22]
[29, 29]
[18, 8]
[3, 14]
[20, 10]
[15, 7]
[5, 7]
[-1]
[45, 22]
[9, 9]
[16, 11]
[19, 39]
[1, 9]
[19, 8]
[30, 6]
[9, 23]
[12, 9]
[15, 6]
[8, 4]
[14, 19]
[26, 21]
[30, 25]
[-1]
[10, 7]
[15, 9]
[10, 9]
[36, 34]
[10, 4]
[15, 13]
[-1]
[17, 9]
[8, 8]
[22, 25]
[8, 26]
[4, 13]
[6, 10]
[16, 39]
[12, 10]
[11, 9]
[9, 1]
[13, 7]
[13, 6]
[7, 2]
[12, 18]
[8, 3]
[8, 3]
[17, 19]
[-1]
[8, 3]
[10, 8]
[5, 10]
[11, 9]
[14, 22]
[32, 26]
[18, 11]
[5, 9]
[14, 5]
[16, 2]
[0, 14]
[6, 9]
[0, 10]
[9, 10]
[1, 6]
[7, 16]
[5, 5]
[7, 12]
[7, 12]
[4, 7]
[9, 13]
[12, 18]
[8, 12]
[-1]
[2, 16]
[2, 3]
[8, 6]
[20, 4]
[13, 7]
[4, 10]
[0, 11]
[23, 8]
[7, 5]
[3, 42]
[8, 1]
[2, 26]
[10, 13]
[10, 4]
[22, 19]
[28, 26]
[4, 0]
[20, 17]
[11, 16]
[19, 24]
[1, 12]
[3, 7]
[10, 13]
[13, 49]
[3, 8]
[8, 11]
[4, 9]
[8, 7]
[4, 24]
[4, 1]
[16, 12]
[27, 15]
[25, 4]
[6, 16]
[0, 6]
[16, 19]
[10, 4]
[3, 0]
[8, 4]
[1, 2]
[12, 1]
[4, 4]
[12, 20]
[7, 9]
[3, 6]
[20, 2]
[6, 5]
[5, 4]
[1, 15]
[2, 19]
[12, 1]
[2, 9]
[7, 3]
[10, 16]
[9, 2]
[14, 32]
[6, 8]
[16, 4]
[5, 19]
[16, 5]
[12, 5]
[11, 20]
[13, 14]
[-1]
[5, 5]
[21, 18]
[28, 18]
[17, 17]
[10, 15]
[15, 5]
[12, 15]
[17, 31]
[24, 17]
[8, 3]
[12, 30]
[11, 5]
[8, 0]
[-1]
[124, 132]
[29, 15]
[104, 52]
[16, 3]
[5, 9]
[10, 28]
[27, 9]
[9, 5]
[-1]
[8, 3]
[14, 8]
[0, 9]
[13, 12]
[14, 16]
[11, 6]
[24, 17]
[-1]
[9, 7]
[19, 5]
[2, 20]
[3, 17]
[17, 9]
[28, 17]
[10, 21]
[1, 3]
[2, 24]
[10, 28]
[21, 6]
[29, 34]
[21, 33]
[4, 6]
[9, 20]
[10, 22]
[26, 18]
[9, 15]
[26, 16]
[9, 7]
[53, 14]
[10, 18]
[26, 11]
[16, 27]
[17, 16]
[21, 22]
[-1]
[27, 14]
[-1]
[13, 6]
[10, 9]
[2, 12]
[1, 4]
[1, 8]
[19, 8]
[24, 26]
[1, 33]
[10, 7]
[9, 6]
[20, 11]
[26, 21]
[4, 7]
[29, 29]
[13, 13]
[7, 15]
[16, 10]
[20, 23]
[22, 17]
[9, 17]
[15, 8]
[8, 8]
[6, 1]
[9, 8]
[19, 8]
[11, 16]
[14, 7]
[3, 6]
[4, 2]
[4, 7]
[24, 28]
[2, 1]
[9, 4]
[14, 17]
[11, 7]
[9, 15]
[12, 14]
[10, 6]
[10, 1]
[47, 14]
[11, 2]
[11, 24]
[8, 8]
[6, 7]
[15, 7]
[26, 10]
[6, 7]
[8, 20]
[0, 8]
[16, 9]
[15, 7]
[15, 3]
[0, 6]
[17, 18]
[1, 2]
[33, 8]
[1, 6]
[13, 1]
[10, 5]
[0, 5]
[14, 3]
[4, 11]
[0, 2]
[16, 12]
[18, 12]
[15, 7]
[8, 14]
[0, 4]
[17, 11]
[16, 11]
[18, 13]
[14, 18]
[25, 7]
[7, 8]
[12, 8]
[0, 23]
[19, 17]
[10, 6]
[10, 14]
[29, 10]
[18, 21]
[40, 32]
[0, 3]
[16, 0]
[13, 18]
[2, 1]
[7, 4]
[7, 4]
[5, 18]
[7, 2]
[4, 13]
[4, 5]
[0, 5]
[9, 16]
[-1]
[3, 2]
[19, 15]
[0, 1]
[6, 14]
[8, 3]
[7, 14]
[17, 11]
[18, 21]
[6, 12]
[1, 10]
[18, 33]
[10, 6]
[16, 14]
[6, 1]
[5, 17]
[7, 0]
[26, 17]
[11, 8]
[12, 9]
[21, 12]
[6, 4]
[6, 8]
[19, 6]
[14, 11]
[6, 0]
[29, 27]
[6, 3]
[21, 24]
[14, 16]
[-1]
[3, 10]
[19, 17]
[1, 11]
[11, 3]
[7, 4]
[0, 7]
[5, 14]
[5, 5]
[17, 20]
[6, 5]
[9, 8]
[11, 6]
[18, 12]
[1, 7]
[7, 10]
[0, 13]
[5, 17]
[-1]
[25, 22]
[9, 10]
[-1]
[18, 7]
[21, 14]
[4, 3]
[5, 0]
[9, 19]
[13, 12]
[5, 11]
[6, 1]
[4, 9]
[10, 12]
[17, 12]
[13, 6]
[17, 18]
[15, 10]
[12, 7]
[4, 16]
[18, 10]
[4, 4]
[10, 10]
[8, 1]
[10, 12]
[23, 15]
[7, 13]
[5, 1]
[4, 22]
[1, 4]
[15, 4]
[14, 0]
[12, 5]
[9, 4]
[6, 1]
[7, 10]
[21, 16]
[18, 21]
[14, 13]
[1, 10]
[24, 30]
[2, 9]
[6, 1]
[22, 2]
[21, 3]
[12, 0]
[12, 4]
[4, 0]
[14, 27]
[1, 26]
[14, 14]
[1, 19]
[13, 1]
[0, 0]
[12, 12]
[-1]
[17, 28]
[18, 13]
[3, 6]
[9, 13]
[12, 3]
[23, 34]
[13, 0]
[0, 23]
[11, 15]
[11, 13]
[23, 21]
[9, 8]
[5, 31]
[3, 9]
[14, 5]
[16, 22]
[18, 10]
[17, 19]
[33, 27]
[16, 13]
[25, 16]
[11, 7]
[32, 14]
[0, 1]
[7, 4]
[-1]
[2, 3]
[10, 3]
[14, 7]
[21, 21]
[-1]
[5, 10]
[7, 2]
[10, 14]
[17, 2]
[10, 1]
[10, 4]
[1, 11]
[21, 1]
[15, 8]
[0, 4]
[8, 2]
[2, 8]
[5, 19]
[3, 21]
[10, 11]
[8, 7]
[6, 9]
[7, 5]
[-1]
[3, 3]
[10, 5]
[15, 20]
[8, 8]
[5, 3]
[13, 12]
[0, 10]
[6, 13]
[4, 0]
[23, 21]
[2, 1]
[-1]
[3, 0]
[7, 9]
[19, 24]
[8, 21]
[10, 4]
[-1]
[8, 5]
[15, 6]
[13, 11]
[16, 11]
[18, 9]
[12, 3]
[11, 29]
[7, 16]
[12, 9]
[0, 6]
[3, 1]
[1, 7]
[12, 15]
[13, 23]
[6, 9]
[17, 4]
[17, 13]
[30, 6]
[18, 18]
[11, 9]
[2, 2]
[18, 0]
[34, 24]
[24, 4]
[5, 12]
[5, 47]
[13, 12]
[5, 3]
[-1]
[1, 20]
[1, 9]
[10, 24]
[44, 43]
[23, 15]
[4, 16]
[0, 10]
[7, 6]
[10, 15]
[17, 8]
[6, 19]
[8, 17]
[5, 6]
[14, 9]
[4, 2]
[5, 5]
[7, 20]
[7, 6]
[4, 14]
[3, 1]
[5, 4]
[24, 19]
[4, 6]
[18, 14]
[10, 21]
[14, 1]
[14, 27]
[5, 15]
[-1]
[8, 12]
[6, 9]
[17, 37]
[2, 13]
[4, 7]
[3, 8]
[5, 27]
[22, 6]
[1, 7]
[15, 17]
[25, 22]
[25, 21]
[12, 26]
[9, 5]
[4, 13]
[10, 2]
[16, 2]
[22, 19]
[24, 18]
[12, 12]
[3, 10]
[13, 12]
[2, 26]
[1, 7]
[6, 8]
[19, 22]
[2, 6]
[5, 3]
[16, 22]
[14, 13]
[11, 10]
[13, 9]
[21, 13]
[27, 6]
[8, 6]
[15, 10]
[28, 18]
[10, 5]
[20, 14]
[0, 18]
[19, 8]
[18, 0]
[7, 8]
[6, 2]
[9, 14]
[1, 25]
[24, 17]
[12, 6]
[24, 10]
[5, 7]
[10, 0]
[19, 12]
[8, 9]
[6, 28]
[11, 14]
[17, 12]
[10, 13]
[16, 4]
[19, 16]
[13, 5]
[13, 10]
[18, 2]
[10, 7]
[-1]
[12, 6]
[3, 15]
[6, 4]
[8, 11]
[4, 9]
[13, 15]
[1, 17]
[7, 9]
[0, 3]
[4, 12]
[11, 26]
[8, 15]
[13, 10]
[-1]
[11, 17]
[13, 15]
[10, 11]
[9, 2]
[16, 17]
[25, 18]
[12, 5]
[15, 16]
[5, 17]
[12, 12]
[6, 5]
[11, 3]
[15, 4]
[9, 2]
[7, 4]
[4, 6]
[2, 7]
[13, 5]
[32, 44]
[8, 20]
[3, 28]
[12, 3]
[6, 6]
[7, 0]
[13, 9]
[24, 21]
[7, 13]
[18, 5]
[1, 13]
[18, 20]
[15, 5]
[11, 8]
[15, 20]
[9, 11]
[-1]
[5, 4]
[20, 1]
[17, 19]
[5, 17]
[6, 14]
[14, 1]
[23, 24]
[37, 8]
[17, 9]
[14, 6]
[25, 3]
[6, 10]
[28, 17]
[20, 9]
[17, 10]
[16, 19]
[14, 5]
[-1]
[4, 6]
[10, 6]
[14, 3]
[13, 24]
[1, 8]
[10, 9]
[28, 12]
[37, 3]
[15, 19]
[8, 7]
[9, 7]
[1, 10]
[24, 28]
[18, 2]
[10, 16]
[17, 11]
[14, 5]
[16, 36]
[17, 17]
[11, 22]
[14, 9]
[8, 12]
[7, 7]
[10, 15]
[11, 12]
[6, 1]
[11, 5]
[6, 4]
[7, 11]
[2, 21]
[2, 4]
[7, 7]
[17, 4]
[13, 17]
[23, 15]
[-1]
[7, 8]
[9, 8]
[4, 6]
[11, 18]
[4, 9]
[26, 13]
[13, 2]
[3, 7]
[15, 11]
[16, 9]
[25, 5]
[8, 3]
[22, 17]
[7, 8]
[6, 13]
[5, 10]
[2, 10]
[-1]
[13, 11]
[13, 13]
[9, 7]
[16, 11]
[6, 5]
[6, 12]
[5, 4]
[8, 6]
[17, 10]
[5, 10]
[4, 11]
[-1]
[9, 8]
[0, 2]
[5, 10]
[15, 17]
[2, 11]
[3, 13]
[5, 0]
[2, 6]
[13, 9]
[16, 7]
[17, 20]
[6, 17]
[18, 4]
[9, 7]
[24, 10]
[-1]
[6, 0]
[11, 13]
[7, 29]
[25, 20]
[8, 6]
[10, 10]
[11, 16]
[30, 11]
[10, 13]
[13, 16]
[38, 5]
[2, 25]
[7, 14]
[6, 2]
[14, 7]
[0, 11]
[7, 5]
[6, 0]
[3, 2]
[12, 3]
[14, 16]
[2, 8]
[-1]
[4, 2]
[21, 20]
[29, 11]
[3, 20]
[21, 17]
[5, 15]
[2, 2]
[12, 30]
[3, 5]
[33, 15]
[1, 24]
[9, 17]
[20, 13]
[-1]
[6, 16]
[4, 8]
[10, 14]
[5, 0]
[7, 9]
[11, 12]
[10, 8]
[4, 14]
[14, 8]
[6, 10]
[9, 4]
[15, 12]
[6, 9]
[10, 7]
[37, 8]
[9, 4]
[17, 29]
[5, 13]
[16, 31]
[5, 0]
[24, 16]
[1, 4]
[12, 12]
[6, 3]
[8, 0]
[9, 19]
[11, 27]
[10, 15]
[26, 18]
[6, 20]
[15, 11]
[-1]
[6, 12]
[21, 34]
[14, 20]
[5, 3]
[23, 7]
[11, 20]
[-1]
[-1]
[26, 12]
[7, 9]
[4, 16]
[2, 7]
[13, 11]
[-1]
[11, 16]
[11, 11]
[15, 11]
[2, 10]
[24, 16]
[1, 21]
[20, 18]
[10, 1]
[21, 15]
[11, 29]
[11, 6]
[36, 12]
[33, 15]
[13, 11]
[11, 15]
[1, 2]
[35, 36]
[11, 8]
[22, 18]
[-1]
[14, 23]
[4, 20]
[6, 11]
[3, 22]
[7, 5]
[12, 4]
[17, 9]
[9, 9]
[9, 11]
[4, 0]
[14, 9]
[7, 20]
[0, 1]
[5, 8]
[11, 27]
[9, 9]
[10, 13]
[6, 16]
[-1]
[17, 6]
[5, 16]
[0, 4]
[3, 5]
[21, 7]
[12, 3]
[7, 21]
[33, 1]
[29, 13]
[3, 0]
[29, 15]
[11, 15]
[50, 28]
[12, 15]
[6, 7]
[16, 15]
[21, 19]
[12, 16]
[14, 5]
[1, 14]
[7, 14]
[25, 10]
[19, 14]
[4, 21]
[2, 3]
[-1]
[19, 17]
[18, 2]
[16, 6]
[17, 27]
[3, 11]
[27, 22]
[9, 2]
[16, 10]
[8, 0]
[3, 5]
[8, 6]
[2, 6]
[2, 5]
[4, 11]
[15, 7]
[3, 5]
[8, 10]
[8, 6]
[6, 20]
[15, 1]
[15, 14]
[8, 14]
[9, 7]
[8, 15]
[4, 6]
[16, 4]
[18, 13]
[13, 13]
[3, 11]
[-1]
[8, 3]
[-1]
[10, 7]
[8, 5]
[3, 13]
[5, 3]
[10, 13]
[10, 10]
[3, 3]
[7, 1]
[5, 2]
[10, 8]
[9, 12]
[16, 14]
[7, 0]
[7, 8]
[14, 11]
[16, 3]
[9, 11]
[5, 7]
[5, 6]
[4, 6]
[0, 7]
[23, 17]
[10, 10]
[1, 3]
[8, 6]
[2, 0]
[10, 8]
[1, 9]
[10, 3]
[7, 2]
[7, 15]
[8, 18]
[15, 2]
[20, 12]
[25, 6]
[16, 14]
[6, 8]
[1, 0]
[6, 2]
[2, 2]
[6, 9]
[11, 6]
[27, 11]
[9, 8]
[2, 12]
[4, 8]
[14, 2]
[14, 7]
[13, 13]
[9, 14]
[5, 14]
[9, 14]
[11, 4]
[17, 5]
[2, 27]
[28, 15]
[13, 11]
[0, 8]
[7, 15]
[23, 16]
[0, 1]
[4, 0]
[6, 5]
[6, 4]
[7, 10]
[3, 6]
[3, 21]
[9, 15]
[14, 6]
[0, 1]
[2, 11]
[21, 6]
[1, 5]
[9, 14]
[27, 0]
[10, 11]
[33, 5]
[3, 9]
[7, 24]
[3, 7]
[-1]
[0, 6]
[30, 13]
[4, 7]
[11, 3]
[7, 6]
[9, 2]
[5, 3]
[10, 10]
[4, 19]
[4, 3]
[12, 14]
[27, 24]
[8, 2]
[13, 17]
[15, 18]
[26, 12]
[3, 12]
[1, 2]
[4, 6]
[13, 15]
[8, 13]
[3, 6]
[1, 0]
[25, 27]
[3, 16]
[4, 2]
[11, 11]
[3, 2]
[6, 4]
[9, 10]
[12, 14]
[3, 1]
[5, 10]
[18, 21]
[7, 12]
[9, 5]
[6, 3]
[10, 6]
[20, 8]
[8, 6]
[11, 3]
[9, 7]
[3, 1]
[4, 13]
[4, 1]
[9, 6]
[12, 0]
[5, 0]
[5, 9]
[6, 1]
[-1]
[14, 7]
[9, 3]
[12, 14]
[15, 19]
[16, 11]
[7, 16]
[14, 14]
[3, 14]
[4, 32]
[1, 9]
[7, 28]
[3, 5]
[14, 14]
[3, 12]
[22, 28]
[29, 52]
[14, 11]
[19, 7]
[3, 12]
[26, 8]
[20, 4]
[14, 23]
[12, 12]
[8, 3]
[12, 17]
[3, 9]
[-1]
[12, 17]
[10, 12]
[18, 20]
[12, 10]
[0, 11]
[18, 17]
[10, 16]
[14, 9]
[1, 14]
[7, 9]
[8, 8]
[-1]
[12, 9]
[2, 13]
[10, 13]
[0, 8]
[34, 28]
[22, 33]
[11, 9]
[18, 20]
[29, 26]
[10, 7]
[24, 10]
[1, 22]
[7, 8]
[13, 11]
[8, 20]
[5, 11]
[9, 7]
[0, 2]
[2, 11]
[22, 15]
[8, 13]
[11, 11]
[2, 13]
[3, 7]
[-1]
[1, 2]
[14, 16]
[9, 14]
[13, 9]
[6, 0]
[3, 1]
[3, 25]
[10, 0]
[6, 8]
[9, 4]
[22, 1]
[10, 7]
[17, 4]
[12, 4]
[26, 29]
[20, 19]
[7, 23]
[5, 12]
[2, 1]
[21, 15]
[20, 37]
