[3, 4, 3, 0]
[2, 2, 0, 2]
[7, 4, 12, 2]
[2, 1, 4, 6]
[9, 3, 5, 6]
[27, 21, 1, 17]
[4, 1, 2, 4]
[26, 29, 16, 1]
[1, 6, 3, 6]
[9, 19, 20, 4]
[3, 2, 0, 1]
[13, 1, 11, 17]
[22, 8, 24, 19]
[16, 1, 7, 1]
[18, 13, 7, 14]
[9, 25, 12, 21]
[9, 9, 23, 26]
[26, 12, 11, 20]
[8, 0, 2, 8]
[15, 13, 14, 10]
[5, 1, 0, 8]
[12, 13, 11, 33]
[8, 14, 13, 26]
[-1]
[4, 2, 5, 2]
[1, 22, 22, 1]
[0, 5, 6, 5]
[5, 15, 13, 3]
[25, 13, 21, 15]
[16, 26, 23, 20]
[15, 21, 3, 40]
[21, 26, 6, 27]
[3, 3, 2, 8]
[4, 0, 9, 2]
[-1]
[1, 0, 15, 12]
[6, 14, 8, 9]
[2, 13, 3, 11]
[8, 16, 10, 20]
[33, 34, 33, 12]
[39, 37, 40, 51]
[-1]
[7, 0, 4, 3]
[27, 26, 19, 29]
[8, 29, 20, 62]
[11, 23, 8, 17]
[18, 25, 17, 4]
[8, 1, 4, 2]
[48, 28, 45, 63]
[20, 34, 41, 42]
[9, 9, 0, 3]
[0, 9, 3, 7]
[11, 29, 23, 8]
[22, 24, 28, 25]
[7, 3, 9, 15]
[44, 45, 5, 20]
[15, 35, 10, 21]
[36, 43, 15, 13]
[27, 16, 6, 25]
[10, 18, 9, 12]
[1, 2, 4, 0]
[13, 3, 10, 16]
[9, 15, 11, 14]
[17, 32, 37, 70]
[16, 6, 9, 0]
[16, 3, 11, 9]
[19, 14, 30, 27]
[10, 9, 20, 17]
[24, 7, 1, 24]
[6, 1, 5, 27]
[9, 18, 12, 12]
[5, 3, 7, 9]
[-1]
[4, 5, 3, 14]
[2, 5, 1, 3]
[9, 16, 13, 12]
[4, 16, 9, 2]
[5, 7, 3, 5]
[6, 7, 0, 1]
[11, 8, 4, 6]
[11, 8, 4, 5]
[9, 1, 5, 3]
[-1]
[5, 8, 0, 8]
[39, 17, 21, 15]
[3, 11, 2, 7]
[-1]
[6, 12, 1, 7]
[4, 0, 4, 1]
[25, 15, 10, 3]
[-1]
[-1]
[4, 5, 0, 3]
[13, 19, 23, 10]
[6, 11, 1, 7]
[13, 19, 6, 16]
[7, 15, 12, 4]
[26, 12, 7, 35]
[17, 4, 9, 14]
[4, 13, 8, 2]
[7, 8, 2, 6]
[9, 11, 0, 2]
[10, 8, 25, 17]
[7, 2, 33, 20]
[10, 18, 18, 19]
[5, 10, 8, 11]
[21, 5, 7, 3]
[22, 1, 22, 24]
[8, 7, 4, 4]
[19, 1, 21, 2]
[19, 2, 13, 5]
[10, 4, 12, 4]
[3, 7, 9, 7]
[17, 12, 28, 29]
[20, 15, 2, 18]
[12, 12, 7, 2]
[23, 23, 10, 20]
[13, 30, 11, 4]
[-1]
[27, 19, 20, 30]
[20, 17, 16, 22]
[18, 11, 22, 17]
[10, 30, 0, 8]
[18, 8, 22, 9]
[23, 12, 22, 29]
[1, 14, 19, 2]
[9, 12, 11, 0]
[7, 0, 2, 6]
[-1]
[19, 28, 14, 34]
[10, 22, 21, 12]
[12, 1, 18, 17]
[23, 4, 6, 6]
[18, 26, 25, 7]
[15, 14, 11, 6]
[17, 13, 18, 7]
[10, 8, 24, 22]
[-1]
[16, 7, 2, 8]
[22, 24, 0, 10]
[22, 7, 4, 6]
[47, 47, 25, 46]
[-1]
[-1]
[1, 7, 8, 9]
[6, 6, 17, 10]
[4, 16, 27, 2]
[8, 27, 19, 25]
[13, 16, 1, 13]
[4, 19, 8, 11]
[17, 28, 29, 10]
[-1]
[4, 6, 3, 22]
[34, 5, 18, 9]
[25, 13, 1, 21]
[5, 7, 9, 13]
[8, 11, 7, 24]
[3, 13, 24, 5]
[19, 18, 9, 10]
[1, 7, 4, 5]
[14, 19, 14, 17]
[6, 15, 1, 16]
[13, 25, 25, 16]
[11, 7, 16, 15]
[5, 23, 14, 12]
[12, 19, 19, 9]
[14, 14, 7, 5]
[19, 7, 21, 11]
[11, 15, 14, 1]
[7, 19, 3, 9]
[0, 19, 15, 18]
[10, 22, 23, 2]
[21, 25, 32, 23]
[17, 8, 15, 18]
[3, 5, 6, 5]
[11, 17, 30, 6]
[26, 10, 15, 25]
[7, 4, 2, 7]
[0, 14, 1, 9]
[8, 24, 22, 6]
[21, 3, 5, 16]
[33, 9, 5, 30]
[17, 22, 28, 3]
[-1]
[18, 8, 12, 29]
[3, 14, 26, 22]
[20, 10, 21, 24]
[15, 7, 2, 19]
[5, 7, 18, 24]
[-1]
[45, 22, 36, 2]
[9, 9, 9, 4]
[16, 11, 6, 33]
[19, 39, 27, 12]
[1, 9, 2, 0]
[19, 8, 16, 13]
[30, 6, 5, 13]
[9, 23, 12, 15]
[12, 9, 19, 18]
[15, 6, 10, 14]
[8, 4, 4, 10]
[14, 19, 13, 12]
[26, 21, 24, 17]
[30, 25, 28, 22]
[-1]
[10, 7, 14, 14]
[15, 9, 15, 3]
[10, 9, 13, 10]
[36, 34, 19, 23]
[10, 4, 10, 9]
[15, 13, 16, 18]
[-1]
[17, 9, 20, 6]
[8, 8, 19, 2]
[22, 25, 19, 21]
[8, 26, 14, 0]
[4, 13, 15, 4]
[6, 10, 11, 2]
[16, 39, 34, 22]
[12, 10, 13, 0]
[11, 9, 8, 3]
[9, 1, 14, 7]
[13, 7, 16, 10]
[13, 6, 2, 25]
[7, 2, 1, 6]
[12, 18, 8, 9]
[8, 3, 20, 8]
[8, 3, 6, 4]
[17, 19, 24, 22]
[-1]
[8, 3, 7, 0]
[10, 8, 2, 3]
[5, 10, 1, 3]
[11, 9, 14, 6]
[14, 22, 13, 16]
[32, 26, 23, 29]
[18, 11, 23, 9]
[5, 9, 15, 2]
[14, 5, 7, 2]
[16, 2, 2, 16]
[0, 14, 4, 2]
[6, 9, 13, 3]
[0, 10, 7, 5]
[9, 10, 7, 5]
[1, 6, 4, 6]
[7, 16, 19, 20]
[5, 5, 1, 3]
[7, 12, 10, 11]
[7, 12, 8, 3]
[4, 7, 10, 6]
[9, 13, 10, 4]
[12, 18, 3, 13]
[8, 12, 4, 15]
[-1]
[2, 16, 16, 6]
[2, 3, 6, 11]
[8, 6, 8, 0]
[20, 4, 7, 20]
[13, 7, 6, 8]
[4, 10, 11, 7]
[-1]
[23, 8, 21, 27]
[7, 5, 12, 0]
[3, 42, 0, 28]
[8, 1, 5, 12]
[2, 26, 26, 4]
[-1]
[10, 4, 12, 12]
[22, 19, 10, 11]
[28, 26, 29, 21]
[-1]
[20, 17, 0, 17]
[11, 16, 16, 23]
[19, 24, 25, 27]
[1, 12, 10, 18]
[3, 7, 17, 33]
[10, 13, 10, 12]
[13, 49, 35, 26]
[3, 8, 30, 18]
[-1]
[4, 9, 18, 21]
[8, 7, 3, 17]
[4, 24, 21, 8]
[4, 1, 2, 10]
[16, 12, 6, 18]
[27, 15, 32, 19]
[25, 4, 1, 20]
[6, 16, 5, 11]
[0, 6, 11, 9]
[16, 19, 3, 30]
[10, 4, 7, 14]
[3, 0, 7, 2]
[8, 4, 5, 6]
[1, 2, 0, 3]
[12, 1, 10, 2]
[4, 4, 19, 11]
[12, 20, 30, 6]
[7, 9, 0, 11]
[3, 6, 18, 3]
[20, 2, 16, 11]
[6, 5, 9, 4]
[5, 4, 3, 3]
[1, 15, 5, 16]
[-1]
[12, 1, 15, 14]
[2, 9, 3, 0]
[7, 3, 4, 0]
[10, 16, 13, 5]
[9, 2, 4, 2]
[14, 32, 4, 12]
[6, 8, 12, 14]
[16, 4, 36, 37]
[5, 19, 15, 12]
[16, 5, 4, 9]
[12, 5, 8, 6]
[11, 20, 5, 20]
[13, 14, 3, 8]
[-1]
[5, 5, 6, 15]
[21, 18, 11, 20]
[28, 18, 4, 20]
[17, 17, 7, 24]
[10, 15, 7, 16]
[15, 5, 19, 19]
[12, 15, 10, 23]
[17, 31, 17, 24]
[24, 17, 26, 22]
[8, 3, 18, 14]
[12, 30, 14, 6]
[11, 5, 2, 12]
[8, 0, 21, 23]
[-1]
[124, 132, 124, 6]
[29, 15, 69, 74]
[104, 52, 72, 56]
[16, 3, 4, 13]
[5, 9, 1, 18]
[10, 28, 29, 30]
[27, 9, 23, 40]
[9, 5, 17, 9]
[-1]
[8, 3, 5, 0]
[14, 8, 23, 33]
[0, 9, 11, 13]
[13, 12, 6, 14]
[14, 16, 4, 12]
[11, 6, 18, 12]
[24, 17, 8, 29]
[-1]
[9, 7, 10, 11]
[19, 5, 31, 3]
[2, 20, 15, 18]
[3, 17, 11, 18]
[17, 9, 18, 20]
[28, 17, 41, 35]
[10, 21, 5, 17]
[1, 3, 15, 12]
[2, 24, 10, 0]
[10, 28, 5, 3]
[21, 6, 14, 27]
[29, 34, 48, 21]
[21, 33, 13, 38]
[4, 6, 12, 10]
[9, 20, 5, 15]
[-1]
[26, 18, 10, 21]
[9, 15, 16, 36]
[26, 16, 30, 17]
[9, 7, 13, 11]
[53, 14, 27, 19]
[10, 18, 15, 11]
[26, 11, 6, 22]
[16, 27, 17, 12]
[17, 16, 14, 6]
[-1]
[-1]
[27, 14, 27, 13]
[-1]
[-1]
[10, 9, 17, 0]
[2, 12, 8, 5]
[1, 4, 6, 5]
[1, 8, 10, 16]
[19, 8, 18, 5]
[24, 26, 25, 27]
[1, 33, 20, 21]
[10, 7, 7, 3]
[9, 6, 8, 7]
[20, 11, 19, 15]
[26, 21, 19, 0]
[4, 7, 7, 7]
[29, 29, 26, 17]
[13, 13, 20, 13]
[7, 15, 21, 11]
[16, 10, 2, 8]
[20, 23, 26, 16]
[22, 17, 2, 5]
[9, 17, 17, 6]
[15, 8, 11, 15]
[8, 8, 8, 2]
[6, 1, 4, 11]
[9, 8, 11, 6]
[19, 8, 21, 12]
[11, 16, 4, 6]
[14, 7, 15, 0]
[3, 6, 10, 11]
[4, 2, 4, 5]
[4, 7, 14, 21]
[24, 28, 27, 10]
[2, 1, 6, 4]
[9, 4, 9, 0]
[14, 17, 8, 5]
[11, 7, 6, 2]
[9, 15, 9, 5]
[12, 14, 1, 0]
[10, 6, 1, 7]
[10, 1, 5, 10]
[47, 14, 38, 52]
[11, 2, 15, 12]
[11, 24, 7, 18]
[8, 8, 3, 5]
[6, 7, 1, 8]
[15, 7, 6, 17]
[26, 10, 7, 10]
[6, 7, 2, 0]
[8, 20, 10, 4]
[0, 8, 2, 12]
[16, 9, 18, 12]
[15, 7, 5, 20]
[15, 3, 6, 19]
[-1]
[17, 18, 9, 13]
[1, 2, 7, 8]
[33, 8, 12, 10]
[1, 6, 9, 10]
[-1]
[10, 5, 11, 14]
[0, 5, 7, 9]
[14, 3, 24, 36]
[4, 11, 7, 18]
[0, 2, 8, 9]
[16, 12, 16, 20]
[18, 12, 21, 23]
[15, 7, 15, 5]
[8, 14, 11, 7]
[0, 4, 1, 2]
[17, 11, 21, 24]
[16, 11, 1, 5]
[18, 13, 0, 25]
[14, 18, 5, 18]
[25, 7, 16, 18]
[7, 8, 13, 5]
[-1]
[0, 23, 9, 23]
[19, 17, 4, 7]
[10, 6, 9, 22]
[10, 14, 31, 24]
[29, 10, 2, 24]
[18, 21, 14, 22]
[40, 32, 42, 34]
[0, 3, 5, 8]
[16, 0, 20, 11]
[13, 18, 10, 34]
[2, 1, 1, 5]
[7, 4, 6, 15]
[7, 4, 2, 5]
[5, 18, 11, 6]
[7, 2, 2, 8]
[4, 13, 11, 8]
[4, 5, 6, 4]
[0, 5, 5, 2]
[9, 16, 8, 4]
[-1]
[3, 2, 5, 21]
[19, 15, 20, 25]
[0, 1, 6, 8]
[6, 14, 9, 13]
[8, 3, 21, 7]
[7, 14, 7, 8]
[17, 11, 32, 31]
[18, 21, 37, 10]
[6, 12, 9, 0]
[1, 10, 6, 4]
[18, 33, 30, 36]
[-1]
[16, 14, 9, 17]
[6, 1, 6, 0]
[5, 17, 14, 12]
[7, 0, 2, 1]
[26, 17, 20, 7]
[11, 8, 5, 0]
[12, 9, 1, 5]
[21, 12, 19, 2]
[-1]
[-1]
[19, 6, 18, 8]
[14, 11, 5, 2]
[6, 0, 3, 4]
[29, 27, 2, 26]
[6, 3, 0, 3]
[21, 24, 16, 25]
[-1]
[-1]
[3, 10, 13, 3]
[19, 17, 9, 7]
[1, 11, 12, 9]
[11, 3, 6, 4]
[7, 4, 5, 6]
[0, 7, 12, 8]
[5, 14, 5, 10]
[5, 5, 9, 6]
[17, 20, 19, 16]
[6, 5, 3, 7]
[9, 8, 4, 10]
[11, 6, 16, 17]
[18, 12, 19, 19]
[1, 7, 4, 0]
[7, 10, 4, 16]
[0, 13, 5, 8]
[5, 17, 16, 11]
[-1]
[25, 22, 16, 14]
[9, 10, 20, 16]
[-1]
[18, 7, 0, 16]
[21, 14, 6, 9]
[4, 3, 18, 8]
[5, 0, 2, 1]
[9, 19, 13, 18]
[13, 12, 6, 8]
[5, 11, 9, 7]
[6, 1, 8, 6]
[4, 9, 7, 2]
[10, 12, 2, 6]
[17, 12, 11, 20]
[13, 6, 25, 25]
[17, 18, 20, 18]
[15, 10, 15, 1]
[12, 7, 11, 12]
[4, 16, 13, 18]
[-1]
[4, 4, 1, 6]
[-1]
[8, 1, 9, 4]
[10, 12, 0, 15]
[23, 15, 21, 4]
[7, 13, 5, 5]
[5, 1, 0, 2]
[4, 22, 3, 28]
[1, 4, 14, 5]
[15, 4, 6, 26]
[14, 0, 6, 1]
[12, 5, 11, 4]
[9, 4, 17, 8]
[6, 1, 2, 7]
[7, 10, 12, 6]
[21, 16, 5, 9]
[18, 21, 1, 14]
[14, 13, 18, 1]
[1, 10, 6, 8]
[24, 30, 4, 3]
[2, 9, 11, 11]
[6, 1, 6, 0]
[22, 2, 24, 5]
[21, 3, 1, 4]
[12, 0, 1, 2]
[12, 4, 28, 0]
[4, 0, 1, 5]
[14, 27, 2, 31]
[1, 26, 23, 18]
[14, 14, 7, 6]
[1, 19, 17, 2]
[13, 1, 15, 0]
[-1]
[12, 12, 7, 1]
[-1]
[17, 28, 24, 17]
[-1]
[3, 6, 15, 21]
[9, 13, 14, 2]
[12, 3, 7, 8]
[23, 34, 19, 13]
[13, 0, 13, 5]
[-1]
[11, 15, 3, 0]
[11, 13, 9, 6]
[23, 21, 15, 8]
[9, 8, 4, 6]
[5, 31, 30, 8]
[3, 9, 5, 8]
[14, 5, 6, 0]
[16, 22, 23, 24]
[18, 10, 18, 20]
[17, 19, 2, 17]
[33, 27, 13, 17]
[16, 13, 21, 0]
[25, 16, 27, 5]
[11, 7, 8, 11]
[32, 14, 38, 41]
[0, 1, 3, 2]
[7, 4, 12, 6]
[-1]
[2, 3, 6, 8]
[10, 3, 1, 15]
[14, 7, 3, 5]
[21, 21, 15, 6]
[-1]
[5, 10, 6, 0]
[7, 2, 9, 7]
[10, 14, 8, 0]
[17, 2, 11, 1]
[10, 1, 18, 13]
[10, 4, 18, 14]
[1, 11, 3, 4]
[21, 1, 2, 16]
[15, 8, 9, 7]
[0, 4, 13, 14]
[8, 2, 6, 4]
[2, 8, 0, 1]
[5, 19, 3, 14]
[3, 21, 9, 5]
[10, 11, 8, 35]
[8, 7, 16, 14]
[6, 9, 0, 14]
[7, 5, 4, 9]
[-1]
[-1]
[10, 5, 5, 4]
[15, 20, 12, 6]
[8, 8, 7, 5]
[5, 3, 1, 7]
[13, 12, 19, 6]
[0, 10, 8, 6]
[6, 13, 7, 16]
[4, 0, 4, 2]
[23, 21, 16, 15]
[2, 1, 1, 9]
[-1]
[3, 0, 5, 2]
[7, 9, 16, 6]
[19, 24, 10, 24]
[8, 21, 10, 5]
[10, 4, 10, 4]
[-1]
[8, 5, 6, 4]
[15, 6, 11, 7]
[13, 11, 14, 20]
[16, 11, 5, 14]
[18, 9, 7, 14]
[12, 3, 0, 3]
[11, 29, 30, 13]
[7, 16, 11, 9]
[12, 9, 10, 8]
[0, 6, 18, 11]
[3, 1, 7, 11]
[1, 7, 3, 9]
[12, 15, 8, 4]
[13, 23, 10, 27]
[6, 9, 18, 13]
[17, 4, 13, 15]
[17, 13, 7, 12]
[30, 6, 23, 7]
[18, 18, 14, 16]
[11, 9, 0, 8]
[2, 2, 23, 26]
[18, 0, 9, 9]
[34, 24, 25, 5]
[24, 4, 33, 24]
[5, 12, 6, 10]
[5, 47, 11, 44]
[13, 12, 20, 23]
[5, 3, 12, 16]
[-1]
[1, 20, 6, 14]
[1, 9, 20, 7]
[10, 24, 5, 8]
[44, 43, 27, 25]
[23, 15, 3, 7]
[4, 16, 9, 14]
[0, 10, 5, 1]
[7, 6, 4, 6]
[10, 15, 5, 9]
[17, 8, 14, 3]
[6, 19, 2, 13]
[-1]
[5, 6, 3, 1]
[14, 9, 18, 15]
[4, 2, 0, 3]
[5, 5, 6, 1]
[7, 20, 21, 5]
[7, 6, 2, 12]
[4, 14, 3, 15]
[3, 1, 7, 3]
[5, 4, 1, 3]
[24, 19, 4, 22]
[4, 6, 7, 8]
[18, 14, 10, 1]
[10, 21, 0, 7]
[14, 1, 3, 0]
[14, 27, 29, 21]
[5, 15, 18, 23]
[-1]
[8, 12, 20, 9]
[6, 9, 5, 3]
[17, 37, 7, 3]
[2, 13, 15, 18]
[4, 7, 10, 2]
[3, 8, 5, 13]
[5, 27, 17, 28]
[22, 6, 34, 12]
[1, 7, 2, 5]
[15, 17, 11, 9]
[25, 22, 32, 6]
[25, 21, 6, 20]
[12, 26, 16, 20]
[9, 5, 17, 3]
[4, 13, 7, 5]
[10, 2, 16, 12]
[16, 2, 15, 6]
[22, 19, 4, 21]
[24, 18, 23, 13]
[12, 12, 9, 7]
[3, 10, 1, 0]
[13, 12, 26, 3]
[2, 26, 26, 24]
[1, 7, 15, 1]
[6, 8, 19, 13]
[19, 22, 0, 9]
[2, 6, 12, 14]
[5, 3, 19, 25]
[16, 22, 7, 14]
[14, 13, 9, 16]
[11, 10, 10, 16]
[13, 9, 19, 25]
[21, 13, 17, 24]
[27, 6, 15, 28]
[8, 6, 2, 8]
[15, 10, 22, 2]
[28, 18, 7, 12]
[10, 5, 6, 12]
[20, 14, 12, 18]
[0, 18, 17, 10]
[19, 8, 16, 2]
[18, 0, 10, 5]
[7, 8, 6, 3]
[6, 2, 4, 9]
[9, 14, 25, 18]
[1, 25, 9, 3]
[24, 17, 26, 41]
[12, 6, 1, 7]
[24, 10, 21, 26]
[5, 7, 7, 8]
[10, 0, 3, 12]
[19, 12, 23, 18]
[8, 9, 16, 21]
[6, 28, 2, 29]
[11, 14, 3, 12]
[17, 12, 7, 8]
[10, 13, 22, 2]
[16, 4, 14, 9]
[19, 16, 9, 2]
[13, 5, 11, 15]
[13, 10, 0, 22]
[18, 2, 28, 26]
[10, 7, 18, 11]
[-1]
[12, 6, 3, 12]
[3, 15, 4, 6]
[6, 4, 2, 12]
[8, 11, 10, 13]
[4, 9, 9, 7]
[13, 15, 9, 5]
[1, 17, 16, 3]
[7, 9, 18, 15]
[0, 3, 7, 1]
[4, 12, 16, 5]
[11, 26, 27, 4]
[8, 15, 18, 23]
[13, 10, 10, 2]
[-1]
[11, 17, 4, 12]
[13, 15, 9, 21]
[10, 11, 7, 12]
[9, 2, 14, 12]
[16, 17, 10, 10]
[25, 18, 32, 27]
[12, 5, 1, 9]
[15, 16, 17, 3]
[5, 17, 5, 5]
[12, 12, 6, 0]
[6, 5, 7, 5]
[11, 3, 16, 16]
[15, 4, 15, 15]
[-1]
[7, 4, 7, 2]
[4, 6, 7, 5]
[2, 7, 0, 15]
[13, 5, 8, 12]
[32, 44, 28, 13]
[8, 20, 18, 12]
[3, 28, 24, 25]
[12, 3, 7, 11]
[-1]
[-1]
[13, 9, 9, 0]
[24, 21, 28, 25]
[7, 13, 19, 12]
[18, 5, 7, 16]
[1, 13, 5, 14]
[18, 20, 6, 4]
[15, 5, 12, 8]
[11, 8, 6, 3]
[15, 20, 16, 13]
[9, 11, 12, 3]
[-1]
[5, 4, 0, 11]
[20, 1, 4, 10]
[17, 19, 18, 11]
[5, 17, 15, 15]
[6, 14, 3, 8]
[14, 1, 6, 0]
[23, 24, 13, 20]
[-1]
[17, 9, 21, 19]
[14, 6, 14, 18]
[25, 3, 18, 23]
[6, 10, 16, 18]
[28, 17, 0, 6]
[20, 9, 22, 10]
[17, 10, 21, 15]
[16, 19, 15, 8]
[14, 5, 17, 22]
[-1]
[4, 6, 3, 6]
[10, 6, 3, 12]
[14, 3, 11, 18]
[13, 24, 26, 31]
[1, 8, 10, 1]
[10, 9, 14, 5]
[28, 12, 43, 7]
[37, 3, 23, 3]
[15, 19, 6, 5]
[8, 7, 9, 18]
[9, 7, 13, 9]
[1, 10, 21, 11]
[24, 28, 4, 22]
[18, 2, 5, 15]
[-1]
[17, 11, 13, 14]
[14, 5, 3, 12]
[16, 36, 26, 27]
[17, 17, 10, 8]
[11, 22, 1, 14]
[14, 9, 13, 3]
[8, 12, 4, 10]
[7, 7, 2, 4]
[10, 15, 13, 9]
[11, 12, 14, 11]
[6, 1, 3, 11]
[11, 5, 15, 7]
[6, 4, 3, 8]
[7, 11, 24, 10]
[2, 21, 20, 10]
[2, 4, 19, 19]
[7, 7, 8, 2]
[17, 4, 6, 1]
[-1]
[23, 15, 19, 21]
[-1]
[7, 8, 6, 3]
[9, 8, 3, 2]
[4, 6, 0, 6]
[11, 18, 15, 7]
[4, 9, 20, 2]
[26, 13, 10, 31]
[13, 2, 11, 13]
[3, 7, 1, 6]
[15, 11, 10, 3]
[16, 9, 20, 18]
[25, 5, 20, 27]
[8, 3, 4, 10]
[22, 17, 5, 26]
[7, 8, 8, 4]
[6, 13, 10, 6]
[5, 10, 5, 4]
[-1]
[-1]
[13, 11, 21, 13]
[13, 13, 18, 22]
[9, 7, 2, 15]
[16, 11, 10, 1]
[6, 5, 8, 3]
[6, 12, 6, 8]
[5, 4, 1, 0]
[8, 6, 10, 3]
[17, 10, 7, 11]
[5, 10, 3, 19]
[4, 11, 2, 2]
[-1]
[9, 8, 6, 3]
[0, 2, 7, 14]
[5, 10, 14, 23]
[15, 17, 3, 9]
[2, 11, 16, 13]
[3, 13, 15, 9]
[5, 0, 16, 15]
[-1]
[13, 9, 9, 17]
[-1]
[17, 20, 12, 15]
[6, 17, 13, 1]
[18, 4, 4, 9]
[9, 7, 15, 11]
[24, 10, 18, 16]
[-1]
[6, 0, 3, 2]
[11, 13, 2, 6]
[7, 29, 30, 21]
[25, 20, 19, 8]
[8, 6, 2, 33]
[10, 10, 5, 0]
[11, 16, 9, 15]
[30, 11, 26, 12]
[10, 13, 12, 2]
[13, 16, 14, 11]
[38, 5, 30, 29]
[2, 25, 7, 12]
[7, 14, 12, 5]
[6, 2, 9, 7]
[14, 7, 9, 12]
[0, 11, 4, 6]
[7, 5, 4, 3]
[6, 0, 2, 6]
[3, 2, 1, 12]
[12, 3, 9, 3]
[14, 16, 47, 23]
[2, 8, 6, 21]
[-1]
[4, 2, 15, 5]
[21, 20, 22, 19]
[-1]
[3, 20, 7, 2]
[21, 17, 7, 6]
[5, 15, 10, 3]
[2, 2, 5, 2]
[12, 30, 30, 14]
[3, 5, 0, 11]
[33, 15, 28, 27]
[1, 24, 3, 12]
[9, 17, 27, 12]
[20, 13, 10, 9]
[-1]
[6, 16, 18, 0]
[4, 8, 6, 4]
[10, 14, 12, 13]
[5, 0, 1, 2]
[7, 9, 0, 3]
[11, 12, 0, 7]
[10, 8, 6, 7]
[4, 14, 15, 0]
[14, 8, 2, 0]
[6, 10, 12, 7]
[9, 4, 7, 13]
[15, 12, 26, 16]
[6, 9, 17, 19]
[10, 7, 3, 33]
[37, 8, 6, 15]
[9, 4, 7, 13]
[17, 29, 5, 1]
[5, 13, 8, 16]
[16, 31, 13, 14]
[5, 0, 15, 7]
[24, 16, 22, 14]
[1, 4, 18, 7]
[12, 12, 10, 14]
[-1]
[8, 0, 3, 3]
[9, 19, 16, 14]
[11, 27, 5, 21]
[10, 15, 4, 6]
[26, 18, 31, 1]
[6, 20, 11, 16]
[15, 11, 9, 7]
[-1]
[6, 12, 16, 13]
[21, 34, 15, 36]
[14, 20, 22, 23]
[5, 3, 3, 11]
[-1]
[11, 20, 18, 19]
[-1]
[-1]
[26, 12, 3, 20]
[7, 9, 6, 2]
[4, 16, 14, 15]
[2, 7, 11, 11]
[13, 11, 5, 7]
[-1]
[11, 16, 9, 9]
[11, 11, 11, 9]
[15, 11, 15, 6]
[2, 10, 12, 13]
[24, 16, 1, 22]
[1, 21, 16, 18]
[20, 18, 19, 16]
[10, 1, 4, 8]
[-1]
[11, 29, 19, 11]
[11, 6, 12, 14]
[36, 12, 1, 38]
[33, 15, 11, 8]
[13, 11, 13, 4]
[11, 15, 19, 12]
[1, 2, 3, 4]
[35, 36, 34, 13]
[11, 8, 12, 4]
[22, 18, 22, 4]
[-1]
[14, 23, 34, 18]
[4, 20, 15, 12]
[6, 11, 18, 0]
[3, 22, 19, 34]
[7, 5, 12, 2]
[12, 4, 11, 8]
[17, 9, 0, 6]
[9, 9, 3, 6]
[9, 11, 9, 16]
[4, 0, 7, 10]
[14, 9, 11, 1]
[7, 20, 4, 5]
[0, 1, 11, 8]
[5, 8, 0, 4]
[11, 27, 16, 25]
[9, 9, 6, 12]
[10, 13, 0, 10]
[6, 16, 17, 0]
[-1]
[17, 6, 0, 10]
[5, 16, 13, 0]
[0, 4, 8, 9]
[3, 5, 7, 16]
[21, 7, 10, 24]
[12, 3, 35, 29]
[7, 21, 23, 20]
[33, 1, 3, 11]
[29, 13, 32, 28]
[3, 0, 11, 10]
[29, 15, 21, 20]
[11, 15, 16, 15]
[50, 28, 11, 24]
[12, 15, 13, 8]
[6, 7, 5, 4]
[16, 15, 5, 19]
[21, 19, 18, 29]
[12, 16, 5, 11]
[14, 5, 9, 10]
[1, 14, 22, 8]
[7, 14, 17, 18]
[25, 10, 4, 5]
[19, 14, 26, 39]
[4, 21, 13, 8]
[2, 3, 4, 9]
[-1]
[19, 17, 12, 4]
[18, 2, 15, 17]
[16, 6, 15, 3]
[17, 27, 16, 21]
[3, 11, 9, 0]
[27, 22, 6, 23]
[9, 2, 8, 16]
[16, 10, 0, 17]
[8, 0, 2, 10]
[3, 5, 10, 0]
[8, 6, 9, 8]
[2, 6, 8, 2]
[-1]
[4, 11, 1, 2]
[15, 7, 12, 9]
[3, 5, 6, 2]
[8, 10, 12, 0]
[8, 6, 6, 7]
[6, 20, 17, 12]
[15, 1, 10, 12]
[15, 14, 18, 4]
[-1]
[9, 7, 12, 9]
[8, 15, 27, 19]
[4, 6, 7, 10]
[16, 4, 11, 0]
[18, 13, 14, 17]
[13, 13, 10, 6]
[3, 11, 5, 7]
[-1]
[8, 3, 6, 0]
[-1]
[10, 7, 0, 4]
[8, 5, 3, 6]
[3, 13, 6, 0]
[5, 3, 5, 0]
[10, 13, 8, 5]
[10, 10, 14, 5]
[3, 3, 1, 0]
[7, 1, 6, 2]
[5, 2, 11, 12]
[10, 8, 6, 11]
[9, 12, 6, 0]
[16, 14, 22, 20]
[7, 0, 6, 13]
[7, 8, 4, 0]
[14, 11, 9, 19]
[16, 3, 8, 4]
[9, 11, 16, 14]
[5, 7, 4, 12]
[5, 6, 1, 8]
[4, 6, 5, 3]
[-1]
[23, 17, 27, 22]
[10, 10, 12, 12]
[1, 3, 7, 2]
[8, 6, 7, 14]
[-1]
[10, 8, 5, 13]
[1, 9, 9, 2]
[-1]
[7, 2, 8, 4]
[7, 15, 11, 12]
[8, 18, 15, 23]
[15, 2, 9, 8]
[20, 12, 1, 17]
[25, 6, 11, 9]
[-1]
[6, 8, 11, 16]
[1, 0, 3, 3]
[6, 2, 3, 0]
[2, 2, 13, 16]
[6, 9, 2, 11]
[11, 6, 12, 12]
[27, 11, 9, 9]
[9, 8, 29, 18]
[2, 12, 19, 5]
[4, 8, 2, 14]
[-1]
[14, 7, 15, 15]
[13, 13, 1, 8]
[9, 14, 18, 15]
[5, 14, 14, 8]
[9, 14, 12, 17]
[11, 4, 27, 2]
[17, 5, 19, 10]
[2, 27, 15, 27]
[28, 15, 10, 10]
[13, 11, 13, 0]
[0, 8, 17, 2]
[7, 15, 6, 5]
[23, 16, 4, 18]
[0, 1, 6, 13]
[4, 0, 9, 20]
[6, 5, 2, 8]
[6, 4, 9, 2]
[7, 10, 9, 1]
[3, 6, 16, 13]
[3, 21, 10, 0]
[9, 15, 14, 0]
[14, 6, 11, 15]
[0, 1, 13, 9]
[2, 11, 0, 5]
[21, 6, 0, 28]
[1, 5, 6, 4]
[9, 14, 14, 13]
[27, 0, 22, 19]
[10, 11, 17, 4]
[33, 5, 14, 33]
[3, 9, 14, 5]
[7, 24, 19, 9]
[3, 7, 2, 7]
[-1]
[0, 6, 8, 6]
[30, 13, 19, 5]
[4, 7, 24, 9]
[11, 3, 7, 6]
[7, 6, 8, 15]
[9, 2, 4, 6]
[5, 3, 17, 10]
[10, 10, 10, 16]
[4, 19, 8, 8]
[4, 3, 11, 17]
[12, 14, 16, 6]
[27, 24, 16, 29]
[8, 2, 21, 4]
[13, 17, 2, 16]
[15, 18, 1, 17]
[26, 12, 19, 24]
[3, 12, 17, 21]
[1, 2, 5, 1]
[-1]
[13, 15, 8, 4]
[8, 13, 10, 5]
[3, 6, 8, 11]
[1, 0, 6, 17]
[25, 27, 3, 22]
[3, 16, 7, 2]
[4, 2, 6, 0]
[11, 11, 7, 11]
[3, 2, 7, 1]
[6, 4, 7, 2]
[9, 10, 18, 1]
[12, 14, 17, 19]
[3, 1, 6, 11]
[5, 10, 4, 7]
[18, 21, 2, 23]
[7, 12, 13, 8]
[9, 5, 15, 5]
[-1]
[10, 6, 6, 14]
[20, 8, 15, 1]
[8, 6, 10, 0]
[11, 3, 12, 9]
[9, 7, 3, 3]
[3, 1, 5, 2]
[4, 13, 12, 10]
[4, 1, 0, 3]
[9, 6, 10, 4]
[12, 0, 22, 19]
[5, 0, 1, 6]
[5, 9, 21, 0]
[6, 1, 1, 3]
[-1]
[14, 7, 2, 14]
[9, 3, 6, 2]
[12, 14, 2, 6]
[-1]
[16, 11, 3, 11]
[7, 16, 10, 4]
[14, 14, 3, 7]
[3, 14, 7, 13]
[4, 32, 11, 27]
[1, 9, 9, 7]
[7, 28, 17, 23]
[3, 5, 9, 7]
[14, 14, 9, 6]
[3, 12, 4, 19]
[22, 28, 19, 21]
[29, 52, 55, 60]
[14, 11, 16, 0]
[19, 7, 23, 17]
[3, 12, 7, 0]
[26, 8, 6, 26]
[20, 4, 20, 14]
[14, 23, 18, 19]
[12, 12, 10, 14]
[8, 3, 12, 16]
[12, 17, 9, 7]
[3, 9, 7, 6]
[-1]
[12, 17, 21, 17]
[10, 12, 16, 8]
[18, 20, 12, 5]
[12, 10, 6, 17]
[0, 11, 12, 14]
[18, 17, 0, 20]
[10, 16, 21, 18]
[14, 9, 12, 2]
[1, 14, 6, 16]
[-1]
[8, 8, 5, 16]
[-1]
[12, 9, 13, 11]
[2, 13, 16, 0]
[10, 13, 5, 1]
[0, 8, 5, 8]
[34, 28, 22, 26]
[22, 33, 11, 18]
[11, 9, 11, 8]
[18, 20, 15, 7]
[29, 26, 0, 11]
[10, 7, 15, 4]
[24, 10, 15, 16]
[1, 22, 16, 20]
[7, 8, 13, 7]
[13, 11, 7, 15]
[8, 20, 17, 4]
[5, 11, 4, 10]
[9, 7, 8, 3]
[-1]
[2, 11, 2, 0]
[22, 15, 19, 10]
[8, 13, 6, 4]
[11, 11, 7, 5]
[2, 13, 17, 10]
[3, 7, 0, 12]
[-1]
[1, 2, 10, 0]
[14, 16, 10, 19]
[9, 14, 22, 12]
[13, 9, 9, 3]
[6, 0, 10, 3]
[3, 1, 0, 2]
[3, 25, 22, 20]
[10, 0, 8, 4]
[6, 8, 12, 13]
[9, 4, 1, 7]
[22, 1, 13, 1]
[10, 7, 8, 5]
[17, 4, 8, 13]
[12, 4, 15, 11]
[-1]
[20, 19, 6, 15]
[7, 23, 20, 6]
[5, 12, 11, 1]
[2, 1, 0, 4]
[21, 15, 14, 0]
[20, 37, 5, 22]
