[3, 4, 3]
[2, 2, 0]
[7, 4, 12]
[2, 1, 4]
[9, 3, 5]
[27, 21, 1]
[4, 1, 2]
[26, 29, 16]
[1, 6, 3]
[9, 19, 20]
[3, 2, 0]
[13, 1, 11]
[22, 8, 24]
[16, 1, 7]
[18, 13, 7]
[9, 25, 12]
[9, 9, 23]
[26, 12, 11]
[8, 0, 2]
[15, 13, 14]
[5, 1, 0]
[12, 13, 11]
[8, 14, 13]
[-1]
[4, 2, 5]
[1, 22, 22]
[0, 5, 6]
[5, 15, 13]
[25, 13, 21]
[16, 26, 23]
[15, 21, 3]
[21, 26, 6]
[3, 3, 2]
[4, 0, 9]
[1, 2, 0]
[1, 0, 15]
[6, 14, 8]
[2, 13, 3]
[8, 16, 10]
[33, 34, 33]
[39, 37, 40]
[-1]
[7, 0, 4]
[27, 26, 19]
[8, 29, 20]
[11, 23, 8]
[18, 25, 17]
[8, 1, 4]
[48, 28, 45]
[20, 34, 41]
[9, 9, 0]
[0, 9, 3]
[11, 29, 23]
[22, 24, 28]
[7, 3, 9]
[44, 45, 5]
[15, 35, 10]
[36, 43, 15]
[27, 16, 6]
[10, 18, 9]
[1, 2, 4]
[13, 3, 10]
[9, 15, 11]
[17, 32, 37]
[16, 6, 9]
[16, 3, 11]
[19, 14, 30]
[10, 9, 20]
[24, 7, 1]
[6, 1, 5]
[9, 18, 12]
[5, 3, 7]
[-1]
[4, 5, 3]
[2, 5, 1]
[9, 16, 13]
[4, 16, 9]
[5, 7, 3]
[6, 7, 0]
[11, 8, 4]
[11, 8, 4]
[9, 1, 5]
[6, 25, 13]
[5, 8, 0]
[39, 17, 21]
[3, 11, 2]
[-1]
[6, 12, 1]
[4, 0, 4]
[25, 15, 10]
[3, 10, 11]
[6, 21, 14]
[4, 5, 0]
[13, 19, 23]
[6, 11, 1]
[13, 19, 6]
[7, 15, 12]
[26, 12, 7]
[17, 4, 9]
[4, 13, 8]
[7, 8, 2]
[9, 11, 0]
[10, 8, 25]
[7, 2, 33]
[10, 18, 18]
[5, 10, 8]
[21, 5, 7]
[22, 1, 22]
[8, 7, 4]
[19, 1, 21]
[19, 2, 13]
[10, 4, 12]
[3, 7, 9]
[17, 12, 28]
[20, 15, 2]
[12, 12, 7]
[23, 23, 10]
[13, 30, 11]
[-1]
[27, 19, 20]
[20, 17, 16]
[18, 11, 22]
[10, 30, 0]
[18, 8, 22]
[23, 12, 22]
[1, 14, 19]
[9, 12, 11]
[7, 0, 2]
[-1]
[19, 28, 14]
[10, 22, 21]
[12, 1, 18]
[23, 4, 6]
[18, 26, 25]
[15, 14, 11]
[17, 13, 18]
[10, 8, 24]
[-1]
[16, 7, 2]
[22, 24, 0]
[22, 7, 4]
[47, 47, 25]
[-1]
[-1]
[1, 7, 8]
[6, 6, 17]
[4, 16, 27]
[8, 27, 19]
[13, 16, 1]
[4, 19, 8]
[17, 28, 29]
[-1]
[4, 6, 3]
[34, 5, 18]
[25, 13, 1]
[5, 7, 9]
[8, 11, 7]
[3, 13, 24]
[19, 18, 9]
[1, 7, 4]
[14, 19, 14]
[6, 15, 1]
[13, 25, 25]
[11, 7, 16]
[5, 23, 14]
[12, 19, 19]
[14, 14, 7]
[19, 7, 21]
[11, 15, 14]
[7, 19, 3]
[0, 19, 15]
[10, 22, 23]
[21, 25, 32]
[17, 8, 15]
[3, 5, 6]
[11, 17, 30]
[26, 10, 15]
[7, 4, 2]
[0, 14, 1]
[8, 24, 22]
[21, 3, 5]
[33, 9, 5]
[17, 22, 28]
[29, 29, 12]
[18, 8, 12]
[3, 14, 26]
[20, 10, 21]
[15, 7, 2]
[5, 7, 18]
[-1]
[45, 22, 36]
[9, 9, 9]
[16, 11, 6]
[19, 39, 27]
[1, 9, 2]
[19, 8, 16]
[30, 6, 5]
[9, 23, 12]
[12, 9, 19]
[15, 6, 10]
[8, 4, 4]
[14, 19, 13]
[26, 21, 24]
[30, 25, 28]
[-1]
[10, 7, 14]
[15, 9, 15]
[10, 9, 13]
[36, 34, 19]
[10, 4, 10]
[15, 13, 16]
[-1]
[17, 9, 20]
[8, 8, 19]
[22, 25, 19]
[8, 26, 14]
[4, 13, 15]
[6, 10, 11]
[16, 39, 34]
[12, 10, 13]
[11, 9, 8]
[9, 1, 14]
[13, 7, 16]
[13, 6, 2]
[7, 2, 1]
[12, 18, 8]
[8, 3, 20]
[8, 3, 6]
[17, 19, 24]
[-1]
[8, 3, 7]
[10, 8, 2]
[5, 10, 1]
[11, 9, 14]
[14, 22, 13]
[32, 26, 23]
[18, 11, 23]
[5, 9, 15]
[14, 5, 7]
[16, 2, 2]
[0, 14, 4]
[6, 9, 13]
[0, 10, 7]
[9, 10, 7]
[1, 6, 4]
[7, 16, 19]
[5, 5, 1]
[7, 12, 10]
[7, 12, 8]
[4, 7, 10]
[9, 13, 10]
[12, 18, 3]
[8, 12, 4]
[-1]
[2, 16, 16]
[2, 3, 6]
[8, 6, 8]
[20, 4, 7]
[13, 7, 6]
[4, 10, 11]
[0, 11, 6]
[23, 8, 21]
[7, 5, 12]
[3, 42, 0]
[8, 1, 5]
[2, 26, 26]
[-1]
[10, 4, 12]
[22, 19, 10]
[28, 26, 29]
[-1]
[20, 17, 0]
[11, 16, 16]
[19, 24, 25]
[1, 12, 10]
[3, 7, 17]
[10, 13, 10]
[13, 49, 35]
[3, 8, 30]
[-1]
[4, 9, 18]
[8, 7, 3]
[4, 24, 21]
[4, 1, 2]
[16, 12, 6]
[27, 15, 32]
[25, 4, 1]
[6, 16, 5]
[0, 6, 11]
[16, 19, 3]
[10, 4, 7]
[3, 0, 7]
[8, 4, 5]
[1, 2, 0]
[12, 1, 10]
[4, 4, 19]
[12, 20, 30]
[7, 9, 0]
[3, 6, 18]
[20, 2, 16]
[6, 5, 9]
[5, 4, 3]
[1, 15, 5]
[-1]
[12, 1, 15]
[2, 9, 3]
[7, 3, 4]
[10, 16, 13]
[9, 2, 4]
[14, 32, 4]
[6, 8, 12]
[16, 4, 36]
[5, 19, 15]
[16, 5, 4]
[12, 5, 8]
[11, 20, 5]
[13, 14, 3]
[-1]
[5, 5, 6]
[21, 18, 11]
[28, 18, 4]
[17, 17, 7]
[10, 15, 7]
[15, 5, 19]
[12, 15, 10]
[17, 31, 17]
[24, 17, 26]
[8, 3, 18]
[12, 30, 14]
[11, 5, 2]
[8, 0, 21]
[-1]
[124, 132, 124]
[29, 15, 69]
[104, 52, 72]
[16, 3, 4]
[5, 9, 1]
[10, 28, 29]
[27, 9, 23]
[9, 5, 17]
[-1]
[8, 3, 5]
[14, 8, 23]
[0, 9, 11]
[13, 12, 6]
[14, 16, 4]
[11, 6, 18]
[24, 17, 8]
[-1]
[9, 7, 10]
[19, 5, 31]
[2, 20, 15]
[3, 17, 11]
[17, 9, 18]
[28, 17, 41]
[10, 21, 5]
[1, 3, 15]
[2, 24, 10]
[10, 28, 5]
[21, 6, 14]
[29, 34, 48]
[21, 33, 13]
[4, 6, 12]
[9, 20, 5]
[-1]
[26, 18, 10]
[9, 15, 16]
[26, 16, 30]
[9, 7, 13]
[53, 14, 27]
[10, 18, 15]
[26, 11, 6]
[16, 27, 17]
[17, 16, 14]
[-1]
[-1]
[27, 14, 27]
[-1]
[-1]
[10, 9, 17]
[2, 12, 8]
[1, 4, 6]
[1, 8, 10]
[19, 8, 18]
[24, 26, 25]
[1, 33, 20]
[10, 7, 7]
[9, 6, 8]
[20, 11, 19]
[26, 21, 19]
[4, 7, 7]
[29, 29, 26]
[13, 13, 20]
[7, 15, 21]
[16, 10, 2]
[20, 23, 26]
[22, 17, 2]
[9, 17, 17]
[15, 8, 11]
[8, 8, 8]
[6, 1, 4]
[9, 8, 11]
[19, 8, 21]
[11, 16, 4]
[14, 7, 15]
[3, 6, 10]
[4, 2, 4]
[4, 7, 14]
[24, 28, 27]
[2, 1, 6]
[9, 4, 9]
[14, 17, 8]
[11, 7, 6]
[9, 15, 9]
[12, 14, 1]
[10, 6, 1]
[10, 1, 5]
[47, 14, 38]
[11, 2, 15]
[11, 24, 7]
[8, 8, 3]
[6, 7, 1]
[15, 7, 6]
[26, 10, 7]
[6, 7, 2]
[8, 20, 10]
[0, 8, 2]
[16, 9, 18]
[15, 7, 5]
[15, 3, 6]
[0, 6, 8]
[17, 18, 9]
[1, 2, 7]
[33, 8, 12]
[1, 6, 9]
[13, 1, 5]
[10, 5, 11]
[0, 5, 7]
[14, 3, 24]
[4, 11, 7]
[0, 2, 8]
[16, 12, 16]
[18, 12, 21]
[15, 7, 15]
[8, 14, 11]
[0, 4, 1]
[17, 11, 21]
[16, 11, 1]
[18, 13, 0]
[14, 18, 5]
[25, 7, 16]
[7, 8, 13]
[12, 8, 1]
[0, 23, 9]
[19, 17, 4]
[10, 6, 9]
[10, 14, 31]
[29, 10, 2]
[18, 21, 14]
[40, 32, 42]
[0, 3, 5]
[16, 0, 20]
[13, 18, 10]
[2, 1, 1]
[7, 4, 6]
[7, 4, 2]
[5, 18, 11]
[7, 2, 2]
[4, 13, 11]
[4, 5, 6]
[0, 5, 5]
[9, 16, 8]
[-1]
[3, 2, 5]
[19, 15, 20]
[0, 1, 6]
[6, 14, 9]
[8, 3, 21]
[7, 14, 7]
[17, 11, 32]
[18, 21, 37]
[6, 12, 9]
[1, 10, 6]
[18, 33, 30]
[10, 6, 2]
[16, 14, 9]
[6, 1, 6]
[5, 17, 14]
[7, 0, 2]
[26, 17, 20]
[11, 8, 5]
[12, 9, 1]
[21, 12, 19]
[-1]
[-1]
[19, 6, 18]
[14, 11, 5]
[6, 0, 3]
[29, 27, 2]
[6, 3, 0]
[21, 24, 16]
[14, 16, 10]
[-1]
[3, 10, 13]
[19, 17, 9]
[1, 11, 12]
[11, 3, 6]
[7, 4, 5]
[0, 7, 12]
[5, 14, 5]
[5, 5, 9]
[17, 20, 19]
[6, 5, 3]
[9, 8, 4]
[11, 6, 16]
[18, 12, 19]
[1, 7, 4]
[7, 10, 4]
[0, 13, 5]
[5, 17, 16]
[-1]
[25, 22, 16]
[9, 10, 20]
[-1]
[18, 7, 0]
[21, 14, 6]
[4, 3, 18]
[5, 0, 2]
[9, 19, 13]
[13, 12, 6]
[5, 11, 9]
[6, 1, 8]
[4, 9, 7]
[10, 12, 2]
[17, 12, 11]
[13, 6, 25]
[17, 18, 20]
[15, 10, 15]
[12, 7, 11]
[4, 16, 13]
[18, 10, 1]
[4, 4, 1]
[10, 10, 13]
[8, 1, 9]
[10, 12, 0]
[23, 15, 21]
[7, 13, 5]
[5, 1, 0]
[4, 22, 3]
[1, 4, 14]
[15, 4, 6]
[14, 0, 6]
[12, 5, 11]
[9, 4, 17]
[6, 1, 2]
[7, 10, 12]
[21, 16, 5]
[18, 21, 1]
[14, 13, 18]
[1, 10, 6]
[24, 30, 4]
[2, 9, 11]
[6, 1, 6]
[22, 2, 24]
[21, 3, 1]
[12, 0, 1]
[12, 4, 28]
[4, 0, 1]
[14, 27, 2]
[1, 26, 23]
[14, 14, 7]
[1, 19, 17]
[13, 1, 15]
[0, 0, 2]
[12, 12, 7]
[-1]
[17, 28, 24]
[-1]
[3, 6, 15]
[9, 13, 14]
[12, 3, 7]
[23, 34, 19]
[13, 0, 13]
[0, 23, 12]
[11, 15, 3]
[11, 13, 9]
[23, 21, 15]
[9, 8, 4]
[5, 31, 30]
[3, 9, 5]
[14, 5, 6]
[16, 22, 23]
[18, 10, 18]
[17, 19, 2]
[33, 27, 13]
[16, 13, 21]
[25, 16, 27]
[11, 7, 8]
[32, 14, 38]
[0, 1, 3]
[7, 4, 12]
[-1]
[2, 3, 6]
[10, 3, 1]
[14, 7, 3]
[21, 21, 15]
[-1]
[5, 10, 6]
[7, 2, 9]
[10, 14, 8]
[17, 2, 11]
[10, 1, 18]
[10, 4, 18]
[1, 11, 3]
[21, 1, 2]
[15, 8, 9]
[0, 4, 13]
[8, 2, 6]
[2, 8, 0]
[5, 19, 3]
[3, 21, 9]
[10, 11, 8]
[8, 7, 16]
[6, 9, 0]
[7, 5, 4]
[-1]
[3, 3, 6]
[10, 5, 5]
[15, 20, 12]
[8, 8, 7]
[5, 3, 1]
[13, 12, 19]
[0, 10, 8]
[6, 13, 7]
[4, 0, 4]
[23, 21, 16]
[2, 1, 1]
[-1]
[3, 0, 5]
[7, 9, 16]
[19, 24, 10]
[8, 21, 10]
[10, 4, 10]
[-1]
[8, 5, 6]
[15, 6, 11]
[13, 11, 14]
[16, 11, 5]
[18, 9, 7]
[12, 3, 0]
[11, 29, 30]
[7, 16, 11]
[12, 9, 10]
[0, 6, 18]
[3, 1, 7]
[1, 7, 3]
[12, 15, 8]
[13, 23, 10]
[6, 9, 18]
[17, 4, 13]
[17, 13, 7]
[30, 6, 23]
[18, 18, 14]
[11, 9, 0]
[2, 2, 23]
[18, 0, 9]
[34, 24, 25]
[24, 4, 33]
[5, 12, 6]
[5, 47, 11]
[13, 12, 20]
[5, 3, 12]
[-1]
[1, 20, 6]
[1, 9, 20]
[10, 24, 5]
[44, 43, 27]
[23, 15, 3]
[4, 16, 9]
[0, 10, 5]
[7, 6, 4]
[10, 15, 5]
[17, 8, 14]
[6, 19, 2]
[8, 17, 4]
[5, 6, 3]
[14, 9, 18]
[4, 2, 0]
[5, 5, 6]
[7, 20, 21]
[7, 6, 2]
[4, 14, 3]
[3, 1, 7]
[5, 4, 1]
[24, 19, 4]
[4, 6, 7]
[18, 14, 10]
[10, 21, 0]
[14, 1, 3]
[14, 27, 29]
[5, 15, 18]
[-1]
[8, 12, 20]
[6, 9, 5]
[17, 37, 7]
[2, 13, 15]
[4, 7, 10]
[3, 8, 5]
[5, 27, 17]
[22, 6, 34]
[1, 7, 2]
[15, 17, 11]
[25, 22, 32]
[25, 21, 6]
[12, 26, 16]
[9, 5, 17]
[4, 13, 7]
[10, 2, 16]
[16, 2, 15]
[22, 19, 4]
[24, 18, 23]
[12, 12, 9]
[3, 10, 1]
[13, 12, 26]
[2, 26, 26]
[1, 7, 15]
[6, 8, 19]
[19, 22, 0]
[2, 6, 12]
[5, 3, 19]
[16, 22, 7]
[14, 13, 9]
[11, 10, 10]
[13, 9, 19]
[21, 13, 17]
[27, 6, 15]
[8, 6, 2]
[15, 10, 22]
[28, 18, 7]
[10, 5, 6]
[20, 14, 12]
[0, 18, 17]
[19, 8, 16]
[18, 0, 10]
[7, 8, 6]
[6, 2, 4]
[9, 14, 25]
[1, 25, 9]
[24, 17, 26]
[12, 6, 1]
[24, 10, 21]
[5, 7, 7]
[10, 0, 3]
[19, 12, 23]
[8, 9, 16]
[6, 28, 2]
[11, 14, 3]
[17, 12, 7]
[10, 13, 22]
[16, 4, 14]
[19, 16, 9]
[13, 5, 11]
[13, 10, 0]
[18, 2, 28]
[10, 7, 18]
[-1]
[12, 6, 3]
[3, 15, 4]
[6, 4, 2]
[8, 11, 10]
[4, 9, 9]
[13, 15, 9]
[1, 17, 16]
[7, 9, 18]
[0, 3, 7]
[4, 12, 16]
[11, 26, 27]
[8, 15, 18]
[13, 10, 10]
[-1]
[11, 17, 4]
[13, 15, 9]
[10, 11, 7]
[9, 2, 14]
[16, 17, 10]
[25, 18, 32]
[12, 5, 1]
[15, 16, 17]
[5, 17, 5]
[12, 12, 6]
[6, 5, 7]
[11, 3, 16]
[15, 4, 15]
[-1]
[7, 4, 7]
[4, 6, 7]
[2, 7, 0]
[13, 5, 8]
[32, 44, 28]
[8, 20, 18]
[3, 28, 24]
[12, 3, 7]
[-1]
[-1]
[13, 9, 9]
[24, 21, 28]
[7, 13, 19]
[18, 5, 7]
[1, 13, 5]
[18, 20, 6]
[15, 5, 12]
[11, 8, 6]
[15, 20, 16]
[9, 11, 12]
[-1]
[5, 4, 0]
[20, 1, 4]
[17, 19, 18]
[5, 17, 15]
[6, 14, 3]
[14, 1, 6]
[23, 24, 13]
[37, 8, 36]
[17, 9, 21]
[14, 6, 14]
[25, 3, 18]
[6, 10, 16]
[28, 17, 0]
[20, 9, 22]
[17, 10, 21]
[16, 19, 15]
[14, 5, 17]
[-1]
[4, 6, 3]
[10, 6, 3]
[14, 3, 11]
[13, 24, 26]
[1, 8, 10]
[10, 9, 14]
[28, 12, 43]
[37, 3, 23]
[15, 19, 6]
[8, 7, 9]
[9, 7, 13]
[1, 10, 21]
[24, 28, 4]
[18, 2, 5]
[10, 16, 20]
[17, 11, 13]
[14, 5, 3]
[16, 36, 26]
[17, 17, 10]
[11, 22, 1]
[14, 9, 13]
[8, 12, 4]
[7, 7, 2]
[10, 15, 13]
[11, 12, 14]
[6, 1, 3]
[11, 5, 15]
[6, 4, 3]
[7, 11, 24]
[2, 21, 20]
[2, 4, 19]
[7, 7, 8]
[17, 4, 6]
[-1]
[23, 15, 19]
[-1]
[7, 8, 6]
[9, 8, 3]
[4, 6, 0]
[11, 18, 15]
[4, 9, 20]
[26, 13, 10]
[13, 2, 11]
[3, 7, 1]
[15, 11, 10]
[16, 9, 20]
[25, 5, 20]
[8, 3, 4]
[22, 17, 5]
[7, 8, 8]
[6, 13, 10]
[5, 10, 5]
[-1]
[-1]
[13, 11, 21]
[13, 13, 18]
[9, 7, 2]
[16, 11, 10]
[6, 5, 8]
[6, 12, 6]
[5, 4, 1]
[8, 6, 10]
[17, 10, 7]
[5, 10, 3]
[4, 11, 2]
[-1]
[9, 8, 6]
[0, 2, 7]
[5, 10, 14]
[15, 17, 3]
[2, 11, 16]
[3, 13, 15]
[5, 0, 16]
[2, 6, 1]
[13, 9, 9]
[16, 7, 13]
[17, 20, 12]
[6, 17, 13]
[18, 4, 4]
[9, 7, 15]
[24, 10, 18]
[-1]
[6, 0, 3]
[11, 13, 2]
[7, 29, 30]
[25, 20, 19]
[8, 6, 2]
[10, 10, 5]
[11, 16, 9]
[30, 11, 26]
[10, 13, 12]
[13, 16, 14]
[38, 5, 30]
[2, 25, 7]
[7, 14, 12]
[6, 2, 9]
[14, 7, 9]
[0, 11, 4]
[7, 5, 4]
[6, 0, 2]
[3, 2, 1]
[12, 3, 9]
[14, 16, 47]
[2, 8, 6]
[-1]
[4, 2, 15]
[21, 20, 22]
[-1]
[3, 20, 7]
[21, 17, 7]
[5, 15, 10]
[2, 2, 5]
[12, 30, 30]
[3, 5, 0]
[33, 15, 28]
[1, 24, 3]
[9, 17, 27]
[20, 13, 10]
[-1]
[6, 16, 18]
[4, 8, 6]
[10, 14, 12]
[5, 0, 1]
[7, 9, 0]
[11, 12, 0]
[10, 8, 6]
[4, 14, 15]
[14, 8, 2]
[6, 10, 12]
[9, 4, 7]
[15, 12, 26]
[6, 9, 17]
[10, 7, 3]
[37, 8, 6]
[9, 4, 7]
[17, 29, 5]
[5, 13, 8]
[16, 31, 13]
[5, 0, 15]
[24, 16, 22]
[1, 4, 18]
[12, 12, 10]
[6, 3, 10]
[8, 0, 3]
[9, 19, 16]
[11, 27, 5]
[10, 15, 4]
[26, 18, 31]
[6, 20, 11]
[15, 11, 9]
[-1]
[6, 12, 16]
[21, 34, 15]
[14, 20, 22]
[5, 3, 3]
[-1]
[11, 20, 18]
[-1]
[-1]
[26, 12, 3]
[7, 9, 6]
[4, 16, 14]
[2, 7, 11]
[13, 11, 5]
[-1]
[11, 16, 9]
[11, 11, 11]
[15, 11, 15]
[2, 10, 12]
[24, 16, 1]
[1, 21, 16]
[20, 18, 19]
[10, 1, 4]
[-1]
[11, 29, 19]
[11, 6, 12]
[36, 12, 1]
[33, 15, 11]
[13, 11, 13]
[11, 15, 19]
[1, 2, 3]
[35, 36, 34]
[11, 8, 12]
[22, 18, 22]
[-1]
[14, 23, 34]
[4, 20, 15]
[6, 11, 18]
[3, 22, 19]
[7, 5, 12]
[12, 4, 11]
[17, 9, 0]
[9, 9, 3]
[9, 11, 9]
[4, 0, 7]
[14, 9, 11]
[7, 20, 4]
[0, 1, 11]
[5, 8, 0]
[11, 27, 16]
[9, 9, 6]
[10, 13, 0]
[6, 16, 17]
[-1]
[17, 6, 0]
[5, 16, 13]
[0, 4, 8]
[3, 5, 7]
[21, 7, 10]
[12, 3, 35]
[7, 21, 23]
[33, 1, 3]
[29, 13, 32]
[3, 0, 11]
[29, 15, 21]
[11, 15, 16]
[50, 28, 11]
[12, 15, 13]
[6, 7, 5]
[16, 15, 5]
[21, 19, 18]
[12, 16, 5]
[14, 5, 9]
[1, 14, 22]
[7, 14, 17]
[25, 10, 4]
[19, 14, 26]
[4, 21, 13]
[2, 3, 4]
[-1]
[19, 17, 12]
[18, 2, 15]
[16, 6, 15]
[17, 27, 16]
[3, 11, 9]
[27, 22, 6]
[9, 2, 8]
[16, 10, 0]
[8, 0, 2]
[3, 5, 10]
[8, 6, 9]
[2, 6, 8]
[2, 5, 12]
[4, 11, 1]
[15, 7, 12]
[3, 5, 6]
[8, 10, 12]
[8, 6, 6]
[6, 20, 17]
[15, 1, 10]
[15, 14, 18]
[-1]
[9, 7, 12]
[8, 15, 27]
[4, 6, 7]
[16, 4, 11]
[18, 13, 14]
[13, 13, 10]
[3, 11, 5]
[-1]
[8, 3, 6]
[-1]
[10, 7, 0]
[8, 5, 3]
[3, 13, 6]
[5, 3, 5]
[10, 13, 8]
[10, 10, 14]
[3, 3, 1]
[7, 1, 6]
[5, 2, 11]
[10, 8, 6]
[9, 12, 6]
[16, 14, 22]
[7, 0, 6]
[7, 8, 4]
[14, 11, 9]
[16, 3, 8]
[9, 11, 16]
[5, 7, 4]
[5, 6, 1]
[4, 6, 5]
[0, 7, 11]
[23, 17, 27]
[10, 10, 12]
[1, 3, 7]
[8, 6, 7]
[2, 0, 0]
[10, 8, 5]
[1, 9, 9]
[10, 3, 0]
[7, 2, 8]
[7, 15, 11]
[8, 18, 15]
[15, 2, 9]
[20, 12, 1]
[25, 6, 11]
[-1]
[6, 8, 11]
[1, 0, 3]
[6, 2, 3]
[2, 2, 13]
[6, 9, 2]
[11, 6, 12]
[27, 11, 9]
[9, 8, 29]
[2, 12, 19]
[4, 8, 2]
[14, 2, 5]
[14, 7, 15]
[13, 13, 1]
[9, 14, 18]
[5, 14, 14]
[9, 14, 12]
[11, 4, 27]
[17, 5, 19]
[2, 27, 15]
[28, 15, 10]
[13, 11, 13]
[0, 8, 17]
[7, 15, 6]
[23, 16, 4]
[0, 1, 6]
[4, 0, 9]
[6, 5, 2]
[6, 4, 9]
[7, 10, 9]
[3, 6, 16]
[3, 21, 10]
[9, 15, 14]
[14, 6, 11]
[0, 1, 13]
[2, 11, 0]
[21, 6, 0]
[1, 5, 6]
[9, 14, 14]
[27, 0, 22]
[10, 11, 17]
[33, 5, 14]
[3, 9, 14]
[7, 24, 19]
[3, 7, 2]
[-1]
[0, 6, 8]
[30, 13, 19]
[4, 7, 24]
[11, 3, 7]
[7, 6, 8]
[9, 2, 4]
[5, 3, 17]
[10, 10, 10]
[4, 19, 8]
[4, 3, 11]
[12, 14, 16]
[27, 24, 16]
[8, 2, 21]
[13, 17, 2]
[15, 18, 1]
[26, 12, 19]
[3, 12, 17]
[1, 2, 5]
[-1]
[13, 15, 8]
[8, 13, 10]
[3, 6, 8]
[1, 0, 6]
[25, 27, 3]
[3, 16, 7]
[4, 2, 6]
[11, 11, 7]
[3, 2, 7]
[6, 4, 7]
[9, 10, 18]
[12, 14, 17]
[3, 1, 6]
[5, 10, 4]
[18, 21, 2]
[7, 12, 13]
[9, 5, 15]
[-1]
[10, 6, 6]
[20, 8, 15]
[8, 6, 10]
[11, 3, 12]
[9, 7, 3]
[3, 1, 5]
[4, 13, 12]
[4, 1, 0]
[9, 6, 10]
[12, 0, 22]
[5, 0, 1]
[5, 9, 21]
[6, 1, 1]
[-1]
[14, 7, 2]
[9, 3, 6]
[12, 14, 2]
[-1]
[16, 11, 3]
[7, 16, 10]
[14, 14, 3]
[3, 14, 7]
[4, 32, 11]
[1, 9, 9]
[7, 28, 17]
[3, 5, 9]
[14, 14, 9]
[3, 12, 4]
[22, 28, 19]
[29, 52, 55]
[14, 11, 16]
[19, 7, 23]
[3, 12, 7]
[26, 8, 6]
[20, 4, 20]
[14, 23, 18]
[12, 12, 10]
[8, 3, 12]
[12, 17, 9]
[3, 9, 7]
[-1]
[12, 17, 21]
[10, 12, 16]
[18, 20, 12]
[12, 10, 6]
[0, 11, 12]
[18, 17, 0]
[10, 16, 21]
[14, 9, 12]
[1, 14, 6]
[7, 9, 13]
[8, 8, 5]
[-1]
[12, 9, 13]
[2, 13, 16]
[10, 13, 5]
[0, 8, 5]
[34, 28, 22]
[22, 33, 11]
[11, 9, 11]
[18, 20, 15]
[29, 26, 0]
[10, 7, 15]
[24, 10, 15]
[1, 22, 16]
[7, 8, 13]
[13, 11, 7]
[8, 20, 17]
[5, 11, 4]
[9, 7, 8]
[-1]
[2, 11, 2]
[22, 15, 19]
[8, 13, 6]
[11, 11, 7]
[2, 13, 17]
[3, 7, 0]
[-1]
[1, 2, 10]
[14, 16, 10]
[9, 14, 22]
[13, 9, 9]
[6, 0, 10]
[3, 1, 0]
[3, 25, 22]
[10, 0, 8]
[6, 8, 12]
[9, 4, 1]
[22, 1, 13]
[10, 7, 8]
[17, 4, 8]
[12, 4, 15]
[26, 29, 8]
[20, 19, 6]
[7, 23, 20]
[5, 12, 11]
[2, 1, 0]
[21, 15, 14]
[20, 37, 5]
