[3]
[2]
[7]
[2]
[9]
[27]
[4]
[26]
[1]
[9]
[3]
[13]
[22]
[16]
[18]
[9]
[9]
[26]
[8]
[15]
[5]
[12]
[8]
[-1]
[-1]
[1]
[0]
[5]
[25]
[16]
[15]
[21]
[3]
[4]
[1]
[1]
[6]
[2]
[8]
[33]
[39]
[7]
[-1]
[27]
[8]
[11]
[18]
[8]
[48]
[20]
[9]
[0]
[11]
[22]
[7]
[44]
[15]
[36]
[27]
[10]
[9]
[13]
[-1]
[17]
[16]
[16]
[19]
[10]
[24]
[6]
[9]
[5]
[5]
[4]
[2]
[9]
[4]
[5]
[6]
[11]
[11]
[9]
[6]
[5]
[39]
[3]
[13]
[6]
[4]
[25]
[3]
[6]
[4]
[24]
[6]
[13]
[7]
[26]
[17]
[4]
[7]
[9]
[10]
[7]
[10]
[5]
[21]
[22]
[8]
[19]
[19]
[10]
[3]
[17]
[20]
[12]
[23]
[13]
[6]
[27]
[20]
[18]
[10]
[18]
[23]
[1]
[9]
[7]
[5]
[19]
[10]
[12]
[23]
[18]
[15]
[17]
[24]
[14]
[16]
[22]
[22]
[47]
[18]
[18]
[1]
[6]
[4]
[8]
[13]
[4]
[17]
[20]
[4]
[34]
[25]
[5]
[8]
[3]
[19]
[1]
[14]
[20]
[13]
[11]
[5]
[12]
[14]
[19]
[11]
[7]
[-1]
[10]
[21]
[17]
[3]
[11]
[26]
[7]
[0]
[8]
[21]
[33]
[17]
[29]
[18]
[3]
[20]
[15]
[5]
[14]
[45]
[9]
[16]
[19]
[1]
[19]
[30]
[9]
[12]
[15]
[8]
[14]
[26]
[-1]
[-1]
[27]
[15]
[10]
[36]
[10]
[15]
[-1]
[17]
[8]
[22]
[8]
[4]
[6]
[16]
[12]
[11]
[9]
[13]
[13]
[7]
[12]
[8]
[8]
[17]
[18]
[8]
[10]
[10]
[11]
[14]
[32]
[18]
[5]
[15]
[17]
[0]
[6]
[0]
[9]
[1]
[7]
[5]
[7]
[7]
[4]
[9]
[12]
[8]
[5]
[2]
[2]
[8]
[20]
[13]
[4]
[0]
[23]
[7]
[3]
[8]
[2]
[10]
[12]
[22]
[28]
[4]
[23]
[11]
[19]
[1]
[3]
[10]
[13]
[3]
[8]
[4]
[8]
[4]
[4]
[16]
[27]
[25]
[6]
[0]
[16]
[10]
[3]
[8]
[4]
[12]
[4]
[12]
[7]
[3]
[20]
[6]
[5]
[1]
[2]
[12]
[2]
[8]
[10]
[9]
[14]
[6]
[16]
[5]
[16]
[17]
[11]
[13]
[32]
[5]
[21]
[28]
[17]
[10]
[15]
[12]
[17]
[24]
[8]
[12]
[11]
[8]
[69]
[124]
[29]
[104]
[16]
[5]
[10]
[27]
[9]
[15]
[8]
[14]
[0]
[13]
[14]
[11]
[24]
[4]
[9]
[19]
[2]
[21]
[17]
[28]
[10]
[1]
[2]
[10]
[21]
[29]
[21]
[4]
[9]
[10]
[26]
[9]
[26]
[9]
[53]
[10]
[26]
[16]
[17]
[21]
[1]
[27]
[-1]
[13]
[10]
[2]
[1]
[1]
[20]
[24]
[1]
[10]
[9]
[20]
[26]
[4]
[29]
[13]
[7]
[16]
[20]
[22]
[9]
[15]
[8]
[6]
[9]
[19]
[11]
[14]
[3]
[6]
[4]
[24]
[2]
[9]
[14]
[11]
[9]
[12]
[10]
[10]
[47]
[11]
[11]
[8]
[6]
[15]
[26]
[6]
[8]
[0]
[16]
[20]
[15]
[8]
[17]
[1]
[33]
[1]
[13]
[10]
[0]
[14]
[4]
[0]
[16]
[18]
[15]
[8]
[6]
[17]
[16]
[18]
[14]
[25]
[7]
[12]
[0]
[19]
[10]
[10]
[29]
[18]
[40]
[0]
[16]
[13]
[2]
[7]
[7]
[5]
[11]
[4]
[4]
[0]
[9]
[-1]
[3]
[19]
[0]
[6]
[8]
[7]
[17]
[18]
[6]
[1]
[18]
[10]
[16]
[6]
[5]
[7]
[26]
[11]
[12]
[21]
[6]
[6]
[19]
[14]
[10]
[29]
[7]
[21]
[14]
[-1]
[3]
[19]
[1]
[11]
[7]
[13]
[5]
[12]
[17]
[6]
[9]
[11]
[18]
[1]
[7]
[16]
[5]
[-1]
[25]
[9]
[7]
[18]
[21]
[4]
[5]
[9]
[13]
[5]
[6]
[4]
[10]
[17]
[13]
[17]
[15]
[12]
[4]
[18]
[4]
[10]
[8]
[10]
[23]
[7]
[5]
[4]
[1]
[15]
[14]
[12]
[9]
[6]
[7]
[21]
[18]
[24]
[1]
[24]
[2]
[6]
[22]
[21]
[12]
[12]
[4]
[14]
[1]
[14]
[1]
[13]
[0]
[12]
[9]
[17]
[18]
[3]
[9]
[12]
[23]
[13]
[0]
[11]
[11]
[23]
[9]
[5]
[3]
[14]
[16]
[18]
[17]
[33]
[16]
[25]
[15]
[32]
[4]
[7]
[10]
[2]
[10]
[14]
[21]
[-1]
[5]
[7]
[10]
[17]
[10]
[10]
[1]
[21]
[15]
[0]
[8]
[2]
[5]
[3]
[10]
[8]
[6]
[7]
[-1]
[3]
[10]
[15]
[8]
[5]
[13]
[0]
[6]
[4]
[23]
[2]
[-1]
[3]
[7]
[19]
[8]
[10]
[5]
[8]
[15]
[13]
[16]
[18]
[12]
[11]
[7]
[12]
[0]
[18]
[1]
[12]
[13]
[6]
[17]
[17]
[30]
[18]
[11]
[2]
[18]
[34]
[24]
[15]
[5]
[13]
[5]
[-1]
[1]
[1]
[10]
[44]
[23]
[4]
[0]
[9]
[10]
[17]
[6]
[8]
[5]
[14]
[4]
[5]
[7]
[7]
[4]
[3]
[5]
[24]
[4]
[18]
[10]
[14]
[14]
[5]
[13]
[28]
[6]
[17]
[2]
[4]
[3]
[5]
[22]
[1]
[15]
[25]
[25]
[12]
[9]
[4]
[10]
[-1]
[22]
[24]
[12]
[3]
[13]
[2]
[1]
[6]
[19]
[2]
[5]
[16]
[14]
[11]
[13]
[21]
[27]
[8]
[15]
[28]
[10]
[20]
[-1]
[19]
[18]
[-1]
[6]
[9]
[1]
[24]
[12]
[24]
[5]
[10]
[19]
[8]
[6]
[11]
[17]
[10]
[16]
[19]
[13]
[13]
[18]
[10]
[-1]
[12]
[3]
[6]
[8]
[4]
[13]
[1]
[7]
[0]
[4]
[11]
[8]
[13]
[-1]
[11]
[13]
[10]
[9]
[16]
[25]
[12]
[15]
[5]
[12]
[6]
[11]
[15]
[9]
[-1]
[4]
[2]
[13]
[32]
[8]
[3]
[12]
[6]
[7]
[13]
[24]
[7]
[18]
[1]
[18]
[15]
[11]
[15]
[9]
[13]
[5]
[20]
[17]
[5]
[6]
[14]
[23]
[37]
[17]
[14]
[25]
[6]
[28]
[20]
[17]
[16]
[14]
[-1]
[8]
[10]
[14]
[-1]
[1]
[10]
[28]
[37]
[15]
[8]
[23]
[1]
[24]
[18]
[10]
[17]
[14]
[16]
[17]
[11]
[14]
[8]
[7]
[10]
[11]
[6]
[11]
[6]
[7]
[2]
[2]
[7]
[17]
[13]
[23]
[-1]
[7]
[9]
[4]
[11]
[4]
[26]
[13]
[3]
[15]
[16]
[25]
[8]
[22]
[7]
[6]
[5]
[-1]
[-1]
[13]
[13]
[9]
[16]
[6]
[6]
[5]
[8]
[17]
[5]
[4]
[8]
[9]
[0]
[5]
[15]
[2]
[3]
[5]
[2]
[13]
[16]
[17]
[6]
[18]
[9]
[24]
[-1]
[6]
[11]
[7]
[25]
[8]
[10]
[11]
[30]
[10]
[13]
[38]
[2]
[7]
[6]
[14]
[14]
[7]
[6]
[3]
[12]
[14]
[2]
[14]
[4]
[21]
[29]
[3]
[21]
[5]
[2]
[12]
[3]
[33]
[1]
[9]
[20]
[4]
[6]
[4]
[10]
[5]
[7]
[11]
[12]
[4]
[14]
[6]
[9]
[15]
[6]
[10]
[37]
[9]
[17]
[5]
[16]
[5]
[24]
[1]
[12]
[-1]
[8]
[9]
[11]
[10]
[26]
[6]
[15]
[9]
[6]
[21]
[14]
[5]
[23]
[11]
[15]
[6]
[26]
[7]
[4]
[2]
[13]
[12]
[17]
[11]
[15]
[2]
[24]
[1]
[20]
[10]
[21]
[11]
[11]
[36]
[33]
[13]
[11]
[1]
[35]
[11]
[22]
[-1]
[14]
[4]
[6]
[3]
[7]
[12]
[17]
[9]
[9]
[4]
[14]
[7]
[0]
[5]
[11]
[9]
[13]
[6]
[-1]
[17]
[5]
[0]
[3]
[21]
[12]
[7]
[33]
[29]
[3]
[29]
[11]
[50]
[12]
[6]
[16]
[21]
[12]
[14]
[1]
[7]
[25]
[19]
[4]
[2]
[9]
[19]
[18]
[16]
[17]
[3]
[27]
[9]
[16]
[8]
[3]
[8]
[2]
[2]
[4]
[15]
[3]
[8]
[8]
[6]
[15]
[15]
[8]
[9]
[-1]
[4]
[16]
[18]
[13]
[3]
[-1]
[8]
[-1]
[10]
[8]
[3]
[5]
[10]
[10]
[8]
[7]
[5]
[10]
[9]
[16]
[7]
[7]
[14]
[16]
[9]
[5]
[5]
[4]
[0]
[23]
[10]
[1]
[-1]
[2]
[10]
[1]
[10]
[7]
[7]
[8]
[15]
[20]
[25]
[34]
[6]
[4]
[6]
[2]
[6]
[11]
[27]
[9]
[2]
[4]
[14]
[14]
[13]
[9]
[5]
[9]
[11]
[17]
[2]
[28]
[13]
[0]
[7]
[23]
[0]
[4]
[6]
[6]
[7]
[3]
[3]
[9]
[14]
[0]
[2]
[21]
[1]
[9]
[27]
[10]
[33]
[3]
[7]
[3]
[16]
[0]
[30]
[4]
[11]
[7]
[9]
[5]
[10]
[4]
[4]
[12]
[27]
[8]
[13]
[15]
[26]
[3]
[1]
[23]
[13]
[8]
[3]
[1]
[25]
[3]
[-1]
[11]
[3]
[6]
[9]
[12]
[3]
[12]
[18]
[7]
[9]
[6]
[14]
[20]
[8]
[11]
[9]
[3]
[4]
[4]
[9]
[12]
[5]
[5]
[6]
[8]
[14]
[10]
[12]
[15]
[16]
[7]
[14]
[3]
[4]
[1]
[7]
[3]
[14]
[3]
[22]
[29]
[14]
[19]
[3]
[26]
[20]
[14]
[12]
[8]
[12]
[3]
[4]
[12]
[10]
[18]
[12]
[0]
[18]
[10]
[14]
[1]
[7]
[8]
[15]
[12]
[2]
[10]
[10]
[34]
[22]
[11]
[18]
[29]
[10]
[24]
[1]
[7]
[13]
[8]
[5]
[9]
[0]
[2]
[22]
[8]
[11]
[2]
[3]
[-1]
[1]
[14]
[9]
[13]
[6]
[3]
[3]
[10]
[6]
[9]
[22]
[10]
[17]
[12]
[26]
[20]
[7]
[14]
[2]
[21]
[20]
